# SSTA [C] from Hadley Centre SST data set HadISST1
# cutting out region lon= -170.000 -120.000, lat=   -5.000    5.000
# SSTA normalized to 1971-2000 [C]
# plotdat anomal 1971 2000 hadisst1_nino3.4.dat
# SST [C] from Hadley Centre SST data set HadISST1
# cutting out region lon= -170.000 -120.000, lat=   -5.000    5.000
 1870.0000 -0.960670    
 1870.0834  -1.18077    
 1870.1666 -0.770657    
 1870.2500 -0.734774    
 1870.3334  -1.18950    
 1870.4166 -0.987503    
 1870.5000 -0.919518    
 1870.5834 -0.797373    
 1870.6666 -0.475201    
 1870.7500 -0.874437    
 1870.8334 -0.734785    
 1870.9166 -0.780411    
 1871.0000 -0.196741    
 1871.0834 -0.564825    
 1871.1666 -0.376068    
 1871.2500 -0.429974    
 1871.3334 -0.624096    
 1871.4166 -0.436071    
 1871.5000 -0.481907    
 1871.5834 -0.242432    
 1871.6666 -0.181179    
 1871.7500 -0.280638    
 1871.8334 -0.238125    
 1871.9166 -0.556030    
 1872.0000 -0.665390    
 1872.0834 -0.606134    
 1872.1666 -0.449417    
 1872.2500 -0.700045    
 1872.3334 -0.537395    
 1872.4166 -0.432732    
 1872.5000 -0.200027    
 1872.5834 -0.765833    
 1872.6666 -0.961639    
 1872.7500 -0.897018    
 1872.8334 -0.735456    
 1872.9166 -0.859631    
 1873.0000 -0.734600    
 1873.0834 -0.997465    
 1873.1666  -1.25540    
 1873.2500 -0.594524    
 1873.3334 -0.448666    
 1873.4166 -0.380873    
 1873.5000 -0.455038    
 1873.5834 -0.303322    
 1873.6666 -0.280390    
 1873.7500 -0.725508    
 1873.8334 -0.714476    
 1873.9166 -0.687780    
 1874.0000 -0.890951    
 1874.0834  -1.05507    
 1874.1666  -1.35537    
 1874.2500 -0.874454    
 1874.3334 -0.783115    
 1874.4166 -0.633593    
 1874.5000 -0.892927    
 1874.5834 -0.978354    
 1874.6666  -1.07777    
 1874.7500  -1.19792    
 1874.8334  -1.26550    
 1874.9166  -1.12261    
 1875.0000 -0.667181    
 1875.0834 -0.361343    
 1875.1666 -0.541048    
 1875.2500 -0.794504    
 1875.3334  -1.00484    
 1875.4166 -0.665922    
 1875.5000 -0.725388    
 1875.5834 -0.719063    
 1875.6666 -0.849260    
 1875.7500 -0.779087    
 1875.8334 -0.575735    
 1875.9166 -0.733711    
 1876.0000 -0.900011    
 1876.0834  -1.18655    
 1876.1666  -1.08238    
 1876.2500  -1.11310    
 1876.3334  -1.00945    
 1876.4166 -0.343222    
 1876.5000 -0.225428    
 1876.5834 -0.763416E-01
 1876.6666  0.363503E-01
 1876.7500  0.167902    
 1876.8334  0.215614    
 1876.9166  0.246140    
 1877.0000  0.401999    
 1877.0834  0.467356    
 1877.1666  0.572622    
 1877.2500  0.573465    
 1877.3334  0.842445    
 1877.4166   1.07488    
 1877.5000   1.54057    
 1877.5834   1.63651    
 1877.6666   1.81491    
 1877.7500   2.00846    
 1877.8334   2.15940    
 1877.9166   2.51787    
 1878.0000   2.47773    
 1878.0834   2.45255    
 1878.1666   1.36601    
 1878.2500  0.993626    
 1878.3334  0.907246    
 1878.4166   1.01344    
 1878.5000  0.368742    
 1878.5834 -0.319824E-01
 1878.6666 -0.263229    
 1878.7500 -0.486248    
 1878.8334 -0.646275    
 1878.9166 -0.742722    
 1879.0000 -0.499851    
 1879.0834 -0.170845    
 1879.1666 -0.187668    
 1879.2500 -0.302195    
 1879.3334 -0.751156    
 1879.4166 -0.571793    
 1879.5000 -0.642988    
 1879.5834 -0.608562    
 1879.6666 -0.770710    
 1879.7500 -0.881817    
 1879.8334  -1.07236    
 1879.9166  -1.01031    
 1880.0000 -0.956621    
 1880.0834 -0.717554    
 1880.1666 -0.572407    
 1880.2500 -0.496424    
 1880.3334 -0.629536    
 1880.4166 -0.517542    
 1880.5000 -0.413698    
 1880.5834 -0.155382    
 1880.6666  0.359707E-01
 1880.7500  0.223291    
 1880.8334  0.307034    
 1880.9166  0.199850    
 1881.0000  0.340069    
 1881.0834  0.242386    
 1881.1666  0.369482    
 1881.2500  0.475615    
 1881.3334  0.242266    
 1881.4166  0.321117    
 1881.5000 -0.145088    
 1881.5834 -0.852318E-01
 1881.6666 -0.277359    
 1881.7500 -0.374567    
 1881.8334 -0.531206    
 1881.9166 -0.354080    
 1882.0000 -0.403952    
 1882.0834 -0.541124    
 1882.1666 -0.483067    
 1882.2500  0.165295    
 1882.3334  0.914154E-01
 1882.4166 -0.317322    
 1882.5000 -0.462868    
 1882.5834 -0.253853    
 1882.6666 -0.457010    
 1882.7500 -0.604347    
 1882.8334 -0.857416    
 1882.9166 -0.740271    
 1883.0000 -0.416471    
 1883.0834 -0.483505    
 1883.1666 -0.351997    
 1883.2500 -0.155024    
 1883.3334 -0.295465    
 1883.4166 -0.112652    
 1883.5000  0.110813    
 1883.5834  0.639076E-01
 1883.6666 -0.109810    
 1883.7500 -0.372768    
 1883.8334 -0.158976    
 1883.9166 -0.127300    
 1884.0000 -0.663204E-01
 1884.0834 -0.114441E-03
 1884.1666  0.487022E-01
 1884.2500  0.334156    
 1884.3334  0.480595    
 1884.4166 -0.441017E-01
 1884.5000  0.400072    
 1884.5834  0.288738    
 1884.6666  0.242109    
 1884.7500  0.345673    
 1884.8334  0.370615    
 1884.9166  0.370520    
 1885.0000  0.179649    
 1885.0834  0.287756    
 1885.1666  0.170202    
 1885.2500  0.498161E-01
 1885.3334  0.514505    
 1885.4166  0.253838    
 1885.5000  0.191992    
 1885.5834  0.419397    
 1885.6666  0.574400    
 1885.7500  0.770163    
 1885.8334  0.868994    
 1885.9166   1.04300    
 1886.0000  0.215010    
 1886.0834 -0.900536E-01
 1886.1666 -0.707970E-01
 1886.2500 -0.302725    
 1886.3334 -0.773335    
 1886.4166 -0.811562    
 1886.5000 -0.853718    
 1886.5834 -0.942732    
 1886.6666  -1.14959    
 1886.7500  -1.08800    
 1886.8334  -1.28578    
 1886.9166  -1.42210    
 1887.0000 -0.631130    
 1887.0834  -1.01987    
 1887.1666  -1.12782    
 1887.2500  -1.10773    
 1887.3334  -1.06203    
 1887.4166 -0.469622    
 1887.5000 -0.427828    
 1887.5834 -0.540993    
 1887.6666 -0.286369    
 1887.7500 -0.749474E-01
 1887.8334  0.950546E-01
 1887.9166  0.168690    
 1888.0000  0.198938    
 1888.0834  0.672546    
 1888.1666  0.447594    
 1888.2500  0.372175    
 1888.3334  0.558744    
 1888.4166  0.491077    
 1888.5000  0.679062    
 1888.5834   1.01434    
 1888.6666  0.649351    
 1888.7500   1.47633    
 1888.8334   2.28329    
 1888.9166   1.69882    
 1889.0000   2.04674    
 1889.0834   1.49088    
 1889.1666  0.885683    
 1889.2500  0.540356    
 1889.3334  0.407835    
 1889.4166  0.189009    
 1889.5000 -0.642797    
 1889.5834 -0.914213    
 1889.6666 -0.863989    
 1889.7500  -1.26073    
 1889.8334  -1.01865    
 1889.9166  -1.22779    
 1890.0000  -2.44053    
 1890.0834  -2.09807    
 1890.1666  -1.09624    
 1890.2500  -1.07583    
 1890.3334 -0.917246    
 1890.4166 -0.768782    
 1890.5000 -0.799768    
 1890.5834  -1.28837    
 1890.6666  -1.22994    
 1890.7500  -1.20884    
 1890.8334  -1.00704    
 1890.9166 -0.665852    
 1891.0000 -0.401201    
 1891.0834 -0.242264    
 1891.1666 -0.186768E-01
 1891.2500  0.216406    
 1891.3334  0.212425    
 1891.4166  0.381138    
 1891.5000  0.235123    
 1891.5834  0.137598    
 1891.6666 -0.232296E-01
 1891.7500  0.184517E-01
 1891.8334  0.119175    
 1891.9166  0.272884E-01
 1892.0000 -0.454670    
 1892.0834 -0.330145    
 1892.1666 -0.529078    
 1892.2500 -0.581594    
 1892.3334 -0.645845    
 1892.4166 -0.477793    
 1892.5000 -0.504877    
 1892.5834 -0.538054    
 1892.6666  -1.01087    
 1892.7500  -1.49692    
 1892.8334  -1.56419    
 1892.9166  -1.16911    
 1893.0000  -1.18823    
 1893.0834  -1.15092    
 1893.1666  -1.18827    
 1893.2500  -1.23077    
 1893.3334  -1.23302    
 1893.4166  -1.08730    
 1893.5000  -1.18890    
 1893.5834  -1.19624    
 1893.6666  -1.20972    
 1893.7500  -1.30564    
 1893.8334  -1.23235    
 1893.9166 -0.978491    
 1894.0000  -1.03311    
 1894.0834  -1.11409    
 1894.1666  -1.00362    
 1894.2500 -0.842524    
 1894.3334 -0.912266    
 1894.4166 -0.740831    
 1894.5000 -0.762087    
 1894.5834 -0.720793    
 1894.6666  -1.04211    
 1894.7500 -0.767668    
 1894.8334 -0.855356    
 1894.9166 -0.462900    
 1895.0000 -0.676571    
 1895.0834 -0.471914    
 1895.1666 -0.349428    
 1895.2500 -0.957546E-01
 1895.3334  0.539455E-01
 1895.4166 -0.115103    
 1895.5000 -0.139257    
 1895.5834  0.445608    
 1895.6666  0.480440    
 1895.7500  0.376892    
 1895.8334  0.513245    
 1895.9166  0.504068    
 1896.0000  0.212839    
 1896.0834  0.110226    
 1896.1666  0.206783    
 1896.2500  0.683651E-01
 1896.3334  0.435848E-01
 1896.4166 -0.112532    
 1896.5000  0.553902    
 1896.5834   1.13313    
 1896.6666   1.09890    
 1896.7500   1.15278    
 1896.8334   1.58198    
 1896.9166   1.58102    
 1897.0000   1.54685    
 1897.0834   1.15758    
 1897.1666  0.597652    
 1897.2500 -0.149254    
 1897.3334 -0.882759E-01
 1897.4166  0.697079E-01
 1897.5000  0.185001    
 1897.5834 -0.661030E-01
 1897.6666 -0.188660    
 1897.7500 -0.513548    
 1897.8334 -0.539785    
 1897.9166 -0.378361    
 1898.0000 -0.452301    
 1898.0834 -0.550234    
 1898.1666 -0.736277    
 1898.2500 -0.536545    
 1898.3334 -0.498705    
 1898.4166 -0.189743    
 1898.5000 -0.513039    
 1898.5834 -0.677362    
 1898.6666 -0.126760    
 1898.7500 -0.277708    
 1898.8334 -0.591496    
 1898.9166 -0.766470    
 1899.0000 -0.691740    
 1899.0834 -0.689915    
 1899.1666 -0.507767    
 1899.2500 -0.263624    
 1899.3334  0.126144    
 1899.4166  0.189157    
 1899.5000  0.100061    
 1899.5834  0.725286    
 1899.6666  0.495230    
 1899.7500  0.975973    
 1899.8334   1.35580    
 1899.9166   1.52903    
 1900.0000   1.47356    
 1900.0834   1.31501    
 1900.1666   1.04527    
 1900.2500  0.735945    
 1900.3334  0.624285    
 1900.4166  0.857018    
 1900.5000  0.869722    
 1900.5834  0.864157    
 1900.6666  0.614799    
 1900.7500  0.464182    
 1900.8334  0.197224    
 1900.9166  0.618238    
 1901.0000  0.865219    
 1901.0834  0.306406    
 1901.1666  0.954933E-01
 1901.2500 -0.598736E-01
 1901.3334 -0.111675    
 1901.4166 -0.167622    
 1901.5000 -0.181929    
 1901.5834 -0.295162    
 1901.6666 -0.246340    
 1901.7500 -0.266397    
 1901.8334 -0.330666    
 1901.9166 -0.328911    
 1902.0000 -0.443840    
 1902.0834 -0.248785    
 1902.1666 -0.217426    
 1902.2500  0.271145    
 1902.3334  0.548994    
 1902.4166  0.861568    
 1902.5000   1.57043    
 1902.5834   1.30490    
 1902.6666   1.49596    
 1902.7500   1.45064    
 1902.8334   1.61354    
 1902.9166   1.41931    
 1903.0000   1.38671    
 1903.0834  0.948736    
 1903.1666  0.846792    
 1903.2500  0.430925    
 1903.3334 -0.191059E-01
 1903.4166  0.381197    
 1903.5000 -0.370817    
 1903.5834 -0.241632    
 1903.6666 -0.546629    
 1903.7500 -0.375107    
 1903.8334 -0.701376    
 1903.9166  -1.00369    
 1904.0000 -0.676641    
 1904.0834 -0.771885    
 1904.1666 -0.802828    
 1904.2500 -0.652304    
 1904.3334 -0.305285    
 1904.4166  0.236017    
 1904.5000  0.876633    
 1904.5834  0.629738    
 1904.6666  0.627193E-01
 1904.7500  0.964542    
 1904.8334  0.225214    
 1904.9166  0.876909    
 1905.0000  0.735048    
 1905.0834  0.731485    
 1905.1666  0.981083    
 1905.2500  0.364046    
 1905.3334   1.16620    
 1905.4166  0.690668    
 1905.5000  0.941023    
 1905.5834   1.12969    
 1905.6666   1.48529    
 1905.7500   1.17436    
 1905.8334  0.900675    
 1905.9166   1.19302    
 1906.0000  0.953560    
 1906.0834  0.689606    
 1906.1666  0.846552    
 1906.2500  0.525215    
 1906.3334  0.997944E-01
 1906.4166  0.239927    
 1906.5000 -0.381788    
 1906.5834 -0.290993    
 1906.6666 -0.753729    
 1906.7500 -0.815237    
 1906.8334 -0.268145    
 1906.9166 -0.502590    
 1907.0000 -0.528881    
 1907.0834 -0.397964    
 1907.1666 -0.382908    
 1907.2500 -0.488615    
 1907.3334 -0.389814    
 1907.4166 -0.314423    
 1907.5000 -0.431978    
 1907.5834 -0.575802    
 1907.6666  0.190731    
 1907.7500 -0.197248    
 1907.8334 -0.187296    
 1907.9166 -0.706711E-01
 1908.0000 -0.221870    
 1908.0834  0.901566E-01
 1908.1666 -0.575558    
 1908.2500 -0.470364    
 1908.3334 -0.378626    
 1908.4166 -0.123932    
 1908.5000 -0.516777    
 1908.5834 -0.316452    
 1908.6666 -0.470110    
 1908.7500 -0.452797    
 1908.8334 -0.812115    
 1908.9166  -1.13795    
 1909.0000 -0.232071    
 1909.0834 -0.864664    
 1909.1666 -0.485907    
 1909.2500 -0.615824    
 1909.3334 -0.287445    
 1909.4166  -1.00558    
 1909.5000 -0.880447    
 1909.5834 -0.885122    
 1909.6666 -0.792839    
 1909.7500  -1.19630    
 1909.8334  -1.44616    
 1909.9166  -1.06415    
 1910.0000 -0.875570    
 1910.0834 -0.626534    
 1910.1666 -0.740158    
 1910.2500  -1.10293    
 1910.3334  -1.32722    
 1910.4166 -0.944643    
 1910.5000 -0.754797    
 1910.5834 -0.811913    
 1910.6666  -1.22722    
 1910.7500 -0.879908    
 1910.8334 -0.454826    
 1910.9166 -0.617500    
 1911.0000 -0.515261    
 1911.0834 -0.570034    
 1911.1666 -0.766808    
 1911.2500  -1.03733    
 1911.3334 -0.972635    
 1911.4166 -0.542513    
 1911.5000 -0.963783E-01
 1911.5834 -0.188723    
 1911.6666  0.289160    
 1911.7500  0.257023    
 1911.8334  0.910515    
 1911.9166  0.994219    
 1912.0000   1.60855    
 1912.0834  0.851555    
 1912.1666  0.742542    
 1912.2500  0.655825    
 1912.3334  0.919952E-01
 1912.4166 -0.152952    
 1912.5000  0.133114E-01
 1912.5834 -0.314383    
 1912.6666  0.154060    
 1912.7500 -0.794582E-01
 1912.8334  0.232784    
 1912.9166 -0.469851    
 1913.0000 -0.143150    
 1913.0834  0.197716    
 1913.1666  0.208912    
 1913.2500 -0.704674    
 1913.3334 -0.199646    
 1913.4166 -0.563030E-01
 1913.5000 -0.250282E-01
 1913.5834  0.244713E-02
 1913.6666  0.104290    
 1913.7500  0.836525E-01
 1913.8334  0.868084    
 1913.9166  0.870258    
 1914.0000  0.757879    
 1914.0834  0.814386    
 1914.1666  0.376513    
 1914.2500  0.772856    
 1914.3334  0.897541E-01
 1914.4166  0.167137    
 1914.5000  0.651793    
 1914.5834   1.01260    
 1914.6666  0.744410    
 1914.7500  0.307531    
 1914.8334  0.372244    
 1914.9166  0.702999    
 1915.0000  0.937319    
 1915.0834  0.666166    
 1915.1666  0.543324    
 1915.2500  0.546886    
 1915.3334  0.600325    
 1915.4166   1.19817    
 1915.5000  0.183712    
 1915.5834  0.136177    
 1915.6666  0.226770    
 1915.7500  0.290173    
 1915.8334 -0.875759E-01
 1915.9166 -0.218721    
 1916.0000 -0.669212E-01
 1916.0834 -0.596115    
 1916.1666 -0.492317    
 1916.2500 -0.570694    
 1916.3334 -0.151155    
 1916.4166 -0.276993    
 1916.5000 -0.995008    
 1916.5834  -1.40328    
 1916.6666  -1.30390    
 1916.7500  -1.31307    
 1916.8334  -1.66527    
 1916.9166  -1.63538    
 1917.0000  -1.52480    
 1917.0834  -1.20592    
 1917.1666 -0.591608    
 1917.2500 -0.218845    
 1917.3334 -0.207525    
 1917.4166  0.615978E-01
 1917.5000  0.752926E-01
 1917.5834  0.247887    
 1917.6666  0.389500E-01
 1917.7500  0.906925E-01
 1917.8334 -0.360905    
 1917.9166 -0.710812    
 1918.0000 -0.796381    
 1918.0834 -0.810604    
 1918.1666 -0.906816    
 1918.2500 -0.481384    
 1918.3334 -0.773258E-01
 1918.4166  0.474207    
 1918.5000  0.492115E-01
 1918.5834  0.210697    
 1918.6666  0.469240    
 1918.7500  0.986012    
 1918.8334   1.30493    
 1918.9166   1.32775    
 1919.0000   1.65279    
 1919.0834   1.25385    
 1919.1666  0.948053    
 1919.2500  0.758375    
 1919.3334  0.712175    
 1919.4166  0.704128    
 1919.5000  0.528393    
 1919.5834  0.715998    
 1919.6666  0.567900    
 1919.7500  0.187853    
 1919.8334 -0.298975    
 1919.9166  0.364029    
 1920.0000  0.692928    
 1920.0834  0.622396    
 1920.1666  0.581663    
 1920.2500 -0.894051E-01
 1920.3334 -0.126295    
 1920.4166  0.383308    
 1920.5000  0.261833    
 1920.5834  0.217257    
 1920.6666  0.328730    
 1920.7500  0.528791    
 1920.8334 -0.180759E-01
 1920.9166  0.141697E-01
 1921.0000  0.490000    
 1921.0834 -0.499155    
 1921.1666  -1.37179    
 1921.2500 -0.481424    
 1921.3334 -0.841604    
 1921.4166 -0.120012    
 1921.5000 -0.155579    
 1921.5834 -0.211742    
 1921.6666 -0.113180    
 1921.7500  0.887222E-01
 1921.8334 -0.972776    
 1921.9166 -0.494761    
 1922.0000 -0.495790    
 1922.0834 -0.541534E-01
 1922.1666  0.129793    
 1922.2500 -0.474894    
 1922.3334  0.305876    
 1922.4166 -0.349031    
 1922.5000 -0.329369    
 1922.5834 -0.709373    
 1922.6666 -0.324760    
 1922.7500 -0.201357    
 1922.8334 -0.248306    
 1922.9166 -0.511221    
 1923.0000 -0.362041    
 1923.0834 -0.753105    
 1923.1666 -0.810476    
 1923.2500 -0.484285    
 1923.3334 -0.163765    
 1923.4166 -0.584221E-01
 1923.5000 -0.804787E-01
 1923.5834  0.284168    
 1923.6666  0.704081    
 1923.7500  0.835052    
 1923.8334  0.921745    
 1923.9166   1.03445    
 1924.0000  0.510719    
 1924.0834  0.645275    
 1924.1666  0.439243    
 1924.2500  0.497856E-01
 1924.3334 -0.767086    
 1924.4166 -0.577742    
 1924.5000 -0.864368    
 1924.5834 -0.696932    
 1924.6666 -0.802080    
 1924.7500 -0.400248    
 1924.8334  -1.02162    
 1924.9166 -0.640751    
 1925.0000 -0.967941    
 1925.0834 -0.444475    
 1925.1666 -0.465538    
 1925.2500 -0.446724    
 1925.3334 -0.310646    
 1925.4166 -0.799122E-01
 1925.5000  0.629372    
 1925.5834  0.768028    
 1925.6666  0.829300    
 1925.7500  0.902922    
 1925.8334   1.07100    
 1925.9166   1.62415    
 1926.0000   1.57890    
 1926.0834   1.31567    
 1926.1666   1.24644    
 1926.2500   1.09190    
 1926.3334  0.917826    
 1926.4166  0.702078    
 1926.5000  0.753033    
 1926.5834  0.236998    
 1926.6666 -0.140705E-01
 1926.7500 -0.331879    
 1926.8334 -0.199846    
 1926.9166 -0.201801    
 1927.0000  0.154570    
 1927.0834  0.254576    
 1927.1666 -0.115227    
 1927.2500 -0.194695    
 1927.3334 -0.506105    
 1927.4166 -0.538826E-01
 1927.5000 -0.195108    
 1927.5834 -0.794220E-02
 1927.6666 -0.974197E-01
 1927.7500  0.321642    
 1927.8334  0.253239E-01
 1927.9166  0.264450    
 1928.0000  0.518259    
 1928.0834  0.228456    
 1928.1666 -0.193068    
 1928.2500 -0.148045    
 1928.3334  0.440350E-01
 1928.4166 -0.173613    
 1928.5000  0.140041    
 1928.5834 -0.202232    
 1928.6666 -0.674801E-01
 1928.7500 -0.703068E-01
 1928.8334 -0.107635    
 1928.9166 -0.532150E-02
 1929.0000 -0.929203E-01
 1929.0834 -0.558147E-01
 1929.1666 -0.895672E-01
 1929.2500 -0.773754E-01
 1929.3334 -0.777149E-01
 1929.4166  0.218977    
 1929.5000  0.976925E-01
 1929.5834  0.191597    
 1929.6666  0.358900    
 1929.7500  0.454613    
 1929.8334  0.248594    
 1929.9166  0.646559    
 1930.0000  0.395498    
 1930.0834  0.395895    
 1930.1666  0.342712    
 1930.2500  0.485765    
 1930.3334  0.426140E-01
 1930.4166  0.361998    
 1930.5000  0.762852    
 1930.5834  0.774618    
 1930.6666   1.34914    
 1930.7500   1.19443    
 1930.8334   1.85966    
 1930.9166   1.43982    
 1931.0000   1.54566    
 1931.0834   1.35340    
 1931.1666   1.24518    
 1931.2500   1.04391    
 1931.3334  0.715275    
 1931.4166  0.564608    
 1931.5000  0.518682    
 1931.5834  0.225948    
 1931.6666 -0.364689    
 1931.7500 -0.162567    
 1931.8334 -0.208305    
 1931.9166 -0.252260    
 1932.0000 -0.362761    
 1932.0834 -0.172474    
 1932.1666  0.305933    
 1932.2500  0.334576    
 1932.3334  0.365715    
 1932.4166  0.281588    
 1932.5000  0.734138E-02
 1932.5834  0.179827    
 1932.6666  0.856895E-01
 1932.7500  0.645027E-01
 1932.8334  0.200348E-01
 1932.9166 -0.387051    
 1933.0000 -0.171501    
 1933.0834 -0.696545E-01
 1933.1666 -0.148428    
 1933.2500  0.841160E-01
 1933.3334 -0.315916    
 1933.4166 -0.764711    
 1933.5000 -0.545528    
 1933.5834 -0.859503    
 1933.6666 -0.709129    
 1933.7500  -1.04647    
 1933.8334  -1.00075    
 1933.9166  -1.18704    
 1934.0000 -0.877550    
 1934.0834 -0.848534    
 1934.1666 -0.883167    
 1934.2500 -0.346775    
 1934.3334 -0.406435    
 1934.4166 -0.245771    
 1934.5000 -0.308289    
 1934.5834 -0.240913    
 1934.6666 -0.465000    
 1934.7500 -0.204967    
 1934.8334 -0.385952E-01
 1934.9166 -0.226261    
 1935.0000 -0.264141    
 1935.0834 -0.172785    
 1935.1666 -0.228508    
 1935.2500 -0.239725    
 1935.3334 -0.455235    
 1935.4166 -0.313852    
 1935.5000 -0.534468    
 1935.5834  0.141287    
 1935.6666  0.140320    
 1935.7500  0.325752    
 1935.8334  0.347864    
 1935.9166 -0.247307E-01
 1936.0000  0.792389    
 1936.0834  0.510935    
 1936.1666  0.512123E-01
 1936.2500  0.367775    
 1936.3334  0.133152E-01
 1936.4166 -0.262583    
 1936.5000 -0.228628    
 1936.5834 -0.237963    
 1936.6666 -0.466404E-01
 1936.7500  0.437733    
 1936.8334  0.337753E-01
 1936.9166  0.650179    
 1937.0000 -0.259571    
 1937.0834  0.311216    
 1937.1666  0.296824    
 1937.2500  0.290876    
 1937.3334 -0.346846    
 1937.4166 -0.207333    
 1937.5000  0.208982    
 1937.5834 -0.119343    
 1937.6666  0.240891    
 1937.7500 -0.493069E-01
 1937.8334  0.278944    
 1937.9166  0.240280    
 1938.0000 -0.158661    
 1938.0834  0.244465    
 1938.1666 -0.135765E-01
 1938.2500  0.161646    
 1938.3334 -0.246124    
 1938.4166 -0.796162    
 1938.5000 -0.873798    
 1938.5834 -0.727562    
 1938.6666 -0.232479    
 1938.7500 -0.699099    
 1938.8334 -0.662016    
 1938.9166 -0.780771    
 1939.0000 -0.623640    
 1939.0834 -0.944155    
 1939.1666 -0.808067    
 1939.2500 -0.199785    
 1939.3334 -0.171776    
 1939.4166  0.148869    
 1939.5000  0.370272    
 1939.5834  0.150288    
 1939.6666  0.485849    
 1939.7500 -0.410358    
 1939.8334  0.396095    
 1939.9166  0.605793E-01
 1940.0000   1.24534    
 1940.0834   1.40227    
 1940.1666   1.24738    
 1940.2500  0.881525    
 1940.3334  0.423895    
 1940.4166  0.640509    
 1940.5000  0.319012    
 1940.5834  0.839397    
 1940.6666  0.104589    
 1940.7500  0.370602    
 1940.8334  0.754175    
 1940.9166   1.41621    
 1941.0000   1.43282    
 1941.0834   1.36713    
 1941.1666   1.46746    
 1941.2500   1.43091    
 1941.3334   1.40446    
 1941.4166  0.980997    
 1941.5000  0.839922    
 1941.5834  0.866737    
 1941.6666  0.735170    
 1941.7500   1.03713    
 1941.8334   1.23676    
 1941.9166   1.29494    
 1942.0000  0.659119    
 1942.0834  0.535286    
 1942.1666  0.306822    
 1942.2500  0.642445    
 1942.3334 -0.156956E-01
 1942.4166 -0.430073    
 1942.5000 -0.438667    
 1942.5834 -0.882133    
 1942.6666  -1.11796    
 1942.7500  -1.28154    
 1942.8334  -1.45258    
 1942.9166  -1.22975    
 1943.0000  -1.14991    
 1943.0834  -1.17418    
 1943.1666  -1.05358    
 1943.2500 -0.524605    
 1943.3334 -0.278545    
 1943.4166 -0.155315E-01
 1943.5000  0.256424E-01
 1943.5834  0.134197    
 1943.6666 -0.178230    
 1943.7500 -0.393488    
 1943.8334 -0.425795    
 1943.9166 -0.405460    
 1944.0000 -0.380861    
 1944.0834  0.177185    
 1944.1666 -0.158968    
 1944.2500  0.186115    
 1944.3334  0.216536    
 1944.4166  0.122679    
 1944.5000  0.192343    
 1944.5834  0.811672E-01
 1944.6666 -0.263689    
 1944.7500 -0.176838    
 1944.8334 -0.295446    
 1944.9166 -0.243832    
 1945.0000 -0.303862    
 1945.0834 -0.457445    
 1945.1666 -0.737688    
 1945.2500 -0.687054    
 1945.3334 -0.367744    
 1945.4166 -0.499332    
 1945.5000 -0.495768    
 1945.5834 -0.760862    
 1945.6666 -0.772770    
 1945.7500 -0.817938    
 1945.8334 -0.362165    
 1945.9166 -0.524731    
 1946.0000 -0.397001    
 1946.0834 -0.225204    
 1946.1666 -0.309357    
 1946.2500 -0.415424    
 1946.3334 -0.318834    
 1946.4166  0.230978    
 1946.5000  0.140953    
 1946.5834 -0.447752    
 1946.6666 -0.141069    
 1946.7500  0.397625E-01
 1946.8334 -0.117395    
 1946.9166  0.370293E-01
 1947.0000  0.442659    
 1947.0834 -0.115814    
 1947.1666  0.337193    
 1947.2500  0.274658E-03
 1947.3334 -0.469275    
 1947.4166  0.156298    
 1947.5000 -0.270397    
 1947.5834 -0.283842    
 1947.6666 -0.996531    
 1947.7500 -0.764248    
 1947.8334 -0.663136    
 1947.9166  0.195789    
 1948.0000  0.957699E-01
 1948.0834  0.388166    
 1948.1666  0.685123    
 1948.2500  0.319616    
 1948.3334  0.380035    
 1948.4166  0.135548    
 1948.5000  0.533714E-01
 1948.5834  0.647373E-01
 1948.6666  0.370102E-01
 1948.7500 -0.634737    
 1948.8334 -0.240765    
 1948.9166  0.401869    
 1949.0000 -0.423820    
 1949.0834  0.266605    
 1949.1666 -0.509277    
 1949.2500  0.268305    
 1949.3334  0.102043E-01
 1949.4166 -0.636763    
 1949.5000 -0.270588    
 1949.5834 -0.238903    
 1949.6666 -0.594179    
 1949.7500 -0.679077    
 1949.8334  -1.26274    
 1949.9166  -1.19028    
 1950.0000  -1.01084    
 1950.0834  -1.49641    
 1950.1666  -1.02107    
 1950.2500 -0.837545    
 1950.3334  -1.22799    
 1950.4166 -0.776752    
 1950.5000 -0.962557    
 1950.5834 -0.546003    
 1950.6666  -1.04688    
 1950.7500 -0.775408    
 1950.8334  -1.31495    
 1950.9166  -1.02333    
 1951.0000  -1.07514    
 1951.0834 -0.714764    
 1951.1666 -0.721588    
 1951.2500 -0.906239E-01
 1951.3334 -0.129547E-01
 1951.4166  0.718689E-02
 1951.5000  0.784092    
 1951.5834  0.986958    
 1951.6666  0.723721    
 1951.7500  0.843733    
 1951.8334  0.853464    
 1951.9166  0.731129    
 1952.0000  0.433920    
 1952.0834  0.249096    
 1952.1666  0.911427E-01
 1952.2500  0.481085    
 1952.3334 -0.306114    
 1952.4166 -0.580162    
 1952.5000 -0.478817    
 1952.5834 -0.345032    
 1952.6666 -0.309219    
 1952.7500  0.115623E-01
 1952.8334 -0.267546    
 1952.9166 -0.538950    
 1953.0000  0.407429    
 1953.0834  0.252176    
 1953.1666  0.267473    
 1953.2500  0.840086    
 1953.3334  0.427586    
 1953.4166  0.500418    
 1953.5000  0.312061    
 1953.5834  0.119698    
 1953.6666  0.728769    
 1953.7500  0.153162    
 1953.8334  0.368925    
 1953.9166  0.168030    
 1954.0000  0.440039    
 1954.0834  0.229185    
 1954.1666  0.654621E-01
 1954.2500 -0.254864    
 1954.3334 -0.453754    
 1954.4166 -0.720242    
 1954.5000 -0.910528    
 1954.5834 -0.996803    
 1954.6666 -0.977089    
 1954.7500 -0.863317    
 1954.8334  -1.10521    
 1954.9166 -0.781160    
 1955.0000 -0.614481    
 1955.0834 -0.768585    
 1955.1666 -0.753387    
 1955.2500 -0.875214    
 1955.3334  -1.15204    
 1955.4166  -1.11729    
 1955.5000  -1.20138    
 1955.5834 -0.827272    
 1955.6666  -1.27511    
 1955.7500  -1.54252    
 1955.8334  -1.85336    
 1955.9166  -1.50468    
 1956.0000  -1.17713    
 1956.0834 -0.958904    
 1956.1666 -0.886147    
 1956.2500 -0.713045    
 1956.3334 -0.505146    
 1956.4166 -0.738802    
 1956.5000 -0.829388    
 1956.5834 -0.730312    
 1956.6666 -0.845480    
 1956.7500 -0.637888    
 1956.8334 -0.956715    
 1956.9166 -0.564901    
 1957.0000 -0.525091    
 1957.0834 -0.233994    
 1957.1666  0.138643    
 1957.2500  0.492615    
 1957.3334  0.529095    
 1957.4166  0.634117    
 1957.5000  0.810213    
 1957.5834  0.876837    
 1957.6666  0.586090    
 1957.7500  0.797583    
 1957.8334   1.15072    
 1957.9166   1.19814    
 1958.0000   1.59305    
 1958.0834   1.40907    
 1958.1666   1.03585    
 1958.2500  0.368826    
 1958.3334  0.396826    
 1958.4166  0.387629    
 1958.5000  0.149752    
 1958.5834  0.321728    
 1958.6666 -0.256990    
 1958.7500  0.142021E-01
 1958.8334  0.109255    
 1958.9166  0.312939    
 1959.0000  0.481258    
 1959.0834  0.513735    
 1959.1666  0.305014    
 1959.2500  0.341305    
 1959.3334  0.676746E-01
 1959.4166 -0.238352    
 1959.5000 -0.164528    
 1959.5834 -0.330473    
 1959.6666 -0.479099    
 1959.7500  0.170813    
 1959.8334 -0.104706    
 1959.9166 -0.250111E-01
 1960.0000  0.747700E-01
 1960.0834 -0.224205    
 1960.1666 -0.248470E-01
 1960.2500  0.854263E-01
 1960.3334  0.143246    
 1960.4166 -0.105503    
 1960.5000 -0.127558    
 1960.5834  0.909882E-01
 1960.6666  0.976601E-01
 1960.7500 -0.978851E-02
 1960.8334 -0.315416    
 1960.9166  0.373192E-01
 1961.0000 -0.998917E-01
 1961.0834  0.587349E-01
 1961.1666 -0.369072E-01
 1961.2500  0.211935    
 1961.3334  0.843143E-01
 1961.4166  0.197758    
 1961.5000 -0.204727    
 1961.5834 -0.173693    
 1961.6666 -0.468019    
 1961.7500 -0.662397    
 1961.8334 -0.123026    
 1961.9166 -0.260620    
 1962.0000 -0.179050    
 1962.0834 -0.135725    
 1962.1666 -0.351887    
 1962.2500 -0.250435    
 1962.3334 -0.339396    
 1962.4166 -0.129433    
 1962.5000 -0.183369    
 1962.5834 -0.405121E-01
 1962.6666 -0.500690    
 1962.7500 -0.272707    
 1962.8334 -0.371626    
 1962.9166 -0.473761    
 1963.0000 -0.266161    
 1963.0834 -0.240084    
 1963.1666  0.250244E-02
 1963.2500  0.223446E-01
 1963.3334  0.872841E-01
 1963.4166  0.228249    
 1963.5000  0.850061    
 1963.5834  0.994087    
 1963.6666  0.711500    
 1963.7500  0.888702    
 1963.8334  0.810705    
 1963.9166   1.07608    
 1964.0000  0.809919    
 1964.0834  0.560446    
 1964.1666 -0.111597    
 1964.2500 -0.465395    
 1964.3334 -0.659435    
 1964.4166 -0.791162    
 1964.5000 -0.522688    
 1964.5834 -0.671532    
 1964.6666 -0.864990    
 1964.7500 -0.944187    
 1964.8334  -1.04057    
 1964.9166  -1.05622    
 1965.0000 -0.524111    
 1965.0834 -0.343184    
 1965.1666 -0.284977    
 1965.2500 -0.134640E-01
 1965.3334  0.274176    
 1965.4166  0.548178    
 1965.5000  0.927742    
 1965.5834   1.34026    
 1965.6666   1.32211    
 1965.7500   1.67224    
 1965.8334   1.61852    
 1965.9166   1.47554    
 1966.0000   1.18389    
 1966.0834  0.847086    
 1966.1666  0.861963    
 1966.2500  0.618786    
 1966.3334  0.188942E-01
 1966.4166  0.221258    
 1966.5000  0.337523    
 1966.5834 -0.289917E-01
 1966.6666 -0.325966E-02
 1966.7500 -0.806808E-03
 1966.8334 -0.314556    
 1966.9166 -0.248671    
 1967.0000 -0.495022    
 1967.0834 -0.541775    
 1967.1666 -0.412468    
 1967.2500 -0.459305    
 1967.3334 -0.156456    
 1967.4166 -0.292816E-01
 1967.5000  0.115128E-01
 1967.5834 -0.223953    
 1967.6666 -0.531580    
 1967.7500 -0.336988    
 1967.8334 -0.282656    
 1967.9166 -0.341621    
 1968.0000 -0.567961    
 1968.0834 -0.744884    
 1968.1666 -0.717688    
 1968.2500 -0.398214    
 1968.3334 -0.356316    
 1968.4166  0.281057    
 1968.5000  0.438612    
 1968.5834  0.417418    
 1968.6666  0.114019    
 1968.7500  0.370522    
 1968.8334  0.826384    
 1968.9166  0.782360    
 1969.0000  0.939428    
 1969.0834   1.02159    
 1969.1666  0.647112    
 1969.2500  0.391636    
 1969.3334  0.463535    
 1969.4166  0.356878    
 1969.5000  0.214052    
 1969.5834  0.600388    
 1969.6666  0.528851    
 1969.7500  0.717962    
 1969.8334  0.815775    
 1969.9166  0.702660    
 1970.0000  0.595449    
 1970.0834  0.369116    
 1970.1666  0.310543    
 1970.2500  0.243696    
 1970.3334  0.816040E-01
 1970.4166 -0.222292    
 1970.5000 -0.876438    
 1970.5834 -0.883913    
 1970.6666 -0.733311    
 1970.7500 -0.600267    
 1970.8334 -0.789785    
 1970.9166  -1.09579    
 1971.0000  -1.41524    
 1971.0834  -1.26981    
 1971.1666  -1.23936    
 1971.2500 -0.903845    
 1971.3334 -0.742044    
 1971.4166 -0.695192    
 1971.5000 -0.521717    
 1971.5834 -0.568283    
 1971.6666 -0.692619    
 1971.7500 -0.736729    
 1971.8334 -0.799635    
 1971.9166 -0.892111    
 1972.0000 -0.534111    
 1972.0834 -0.210335    
 1972.1666 -0.206886    
 1972.2500  0.275826    
 1972.3334  0.402124    
 1972.4166  0.740158    
 1972.5000  0.944712    
 1972.5834   1.39789    
 1972.6666   1.25132    
 1972.7500   1.82819    
 1972.8334   1.95072    
 1972.9166   2.22253    
 1973.0000   1.65376    
 1973.0834   1.09945    
 1973.1666  0.628763    
 1973.2500 -0.694275E-03
 1973.3334 -0.486614    
 1973.4166 -0.769382    
 1973.5000  -1.03419    
 1973.5834  -1.12894    
 1973.6666  -1.34703    
 1973.7500  -1.53359    
 1973.8334  -2.01608    
 1973.9166  -2.15931    
 1974.0000  -1.97557    
 1974.0834  -1.49545    
 1974.1666  -1.38699    
 1974.2500 -0.925734    
 1974.3334 -0.712435    
 1974.4166 -0.607212    
 1974.5000 -0.525398    
 1974.5834 -0.227533    
 1974.6666 -0.285400    
 1974.7500 -0.698637    
 1974.8334 -0.896505    
 1974.9166 -0.842310    
 1975.0000 -0.317371    
 1975.0834 -0.320425    
 1975.1666 -0.550386    
 1975.2500 -0.518404    
 1975.3334 -0.924555    
 1975.4166  -1.17394    
 1975.5000  -1.12204    
 1975.5834  -1.06980    
 1975.6666  -1.37910    
 1975.7500  -1.41785    
 1975.8334  -1.39414    
 1975.9166  -1.62255    
 1976.0000  -1.76501    
 1976.0834  -1.04594    
 1976.1666 -0.626207    
 1976.2500 -0.351664    
 1976.3334 -0.412056    
 1976.4166  0.945072E-01
 1976.5000  0.277542    
 1976.5834  0.402887    
 1976.6666  0.630461    
 1976.7500  0.912971    
 1976.8334  0.951225    
 1976.9166  0.663740    
 1977.0000  0.896269    
 1977.0834  0.566666    
 1977.1666  0.446432    
 1977.2500 -0.186375    
 1977.3334  0.516853E-01
 1977.4166  0.448898    
 1977.5000  0.553562    
 1977.5834  0.322327    
 1977.6666  0.489380    
 1977.7500  0.943903    
 1977.8334   1.09595    
 1977.9166   1.10103    
 1978.0000  0.769489    
 1978.0834  0.519165    
 1978.1666  0.112402    
 1978.2500 -0.307434    
 1978.3334 -0.417946    
 1978.4166 -0.358902    
 1978.5000 -0.364307    
 1978.5834 -0.533503    
 1978.6666 -0.541309    
 1978.7500 -0.288788    
 1978.8334 -0.898457E-01
 1978.9166  0.939293E-01
 1979.0000  0.914688E-01
 1979.0834  0.101835    
 1979.1666  0.173492    
 1979.2500  0.246105    
 1979.3334 -0.252533E-02
 1979.4166  0.132708    
 1979.5000 -0.895672E-01
 1979.5834  0.302307    
 1979.6666  0.543550    
 1979.7500  0.375832    
 1979.8334  0.417934    
 1979.9166  0.708389    
 1980.0000  0.595560    
 1980.0834  0.337706    
 1980.1666  0.141323    
 1980.2500  0.265865    
 1980.3334  0.210045    
 1980.4166  0.457037    
 1980.5000  0.129892    
 1980.5834 -0.154112    
 1980.6666 -0.754700E-01
 1980.7500 -0.677681E-01
 1980.8334  0.154345    
 1980.9166  0.373680    
 1981.0000 -0.412561    
 1981.0834 -0.446915    
 1981.1666  0.270824E-01
 1981.2500 -0.980339E-01
 1981.3334 -0.240555E-01
 1981.4166 -0.573616E-01
 1981.5000 -0.318157    
 1981.5834 -0.953522E-01
 1981.6666 -0.942993E-02
 1981.7500  0.187016E-01
 1981.8334 -0.202415    
 1981.9166  0.793686E-01
 1982.0000  0.176888E-01
 1982.0834 -0.109314    
 1982.1666  0.366936E-01
 1982.2500  0.315165    
 1982.3334  0.731815    
 1982.4166   1.01414    
 1982.5000  0.750092    
 1982.5834   1.01650    
 1982.6666   1.45188    
 1982.7500   2.05951    
 1982.8334   2.15094    
 1982.9166   2.37692    
 1983.0000   2.50571    
 1983.0834   2.25757    
 1983.1666   1.76663    
 1983.2500   1.21404    
 1983.3334   1.21914    
 1983.4166  0.718277    
 1983.5000  0.584221E-02
 1983.5834 -0.398331E-01
 1983.6666 -0.434650    
 1983.7500 -0.982058    
 1983.8334  -1.07195    
 1983.9166 -0.932701    
 1984.0000 -0.742050    
 1984.0834 -0.511274    
 1984.1666 -0.415627    
 1984.2500 -0.518665    
 1984.3334 -0.552576    
 1984.4166 -0.809933    
 1984.5000 -0.286589    
 1984.5834 -0.313763    
 1984.6666 -0.292530    
 1984.7500 -0.783968    
 1984.8334  -1.11590    
 1984.9166  -1.51846    
 1985.0000 -0.841980    
 1985.0834 -0.900164    
 1985.1666 -0.905388    
 1985.2500 -0.907335    
 1985.3334 -0.814625    
 1985.4166 -0.666681    
 1985.5000 -0.489588    
 1985.5834 -0.412552    
 1985.6666 -0.514200    
 1985.7500 -0.594877    
 1985.8334 -0.372366    
 1985.9166 -0.386671    
 1986.0000 -0.740940    
 1986.0834 -0.630375    
 1986.1666 -0.450878    
 1986.2500 -0.329674    
 1986.3334 -0.389404    
 1986.4166  0.124683E-01
 1986.5000  0.271433    
 1986.5834  0.311998    
 1986.6666  0.642139    
 1986.7500  0.950333    
 1986.8334   1.10962    
 1986.9166   1.00043    
 1987.0000   1.25383    
 1987.0834   1.19341    
 1987.1666   1.29743    
 1987.2500  0.966986    
 1987.3334  0.997786    
 1987.4166   1.33194    
 1987.5000   1.45960    
 1987.5834   1.56931    
 1987.6666   1.59080    
 1987.7500   1.41361    
 1987.8334   1.35339    
 1987.9166   1.06763    
 1988.0000  0.742168    
 1988.0834  0.366137    
 1988.1666  0.342363    
 1988.2500 -0.414345    
 1988.3334 -0.969734    
 1988.4166  -1.37560    
 1988.5000  -1.43070    
 1988.5834  -1.36966    
 1988.6666  -1.28537    
 1988.7500  -2.04204    
 1988.8334  -2.11854    
 1988.9166  -1.96669    
 1989.0000  -1.89716    
 1989.0834  -1.35254    
 1989.1666  -1.26633    
 1989.2500  -1.03157    
 1989.3334 -0.711985    
 1989.4166 -0.543732    
 1989.5000 -0.344387    
 1989.5834 -0.500242    
 1989.6666 -0.329939    
 1989.7500 -0.349588    
 1989.8334 -0.236645    
 1989.9166 -0.114882    
 1990.0000  0.679893E-01
 1990.0834  0.368567    
 1990.1666  0.249502    
 1990.2500  0.331326    
 1990.3334  0.409214    
 1990.4166  0.914879E-01
 1990.5000  0.260643    
 1990.5834  0.249537    
 1990.6666  0.165730    
 1990.7500  0.167952    
 1990.8334  0.128325    
 1990.9166  0.321419    
 1991.0000  0.548729    
 1991.0834  0.325466    
 1991.1666  0.151392    
 1991.2500  0.279036    
 1991.3334  0.517035    
 1991.4166  0.740917    
 1991.5000  0.738672    
 1991.5834  0.506647    
 1991.6666  0.273060    
 1991.7500  0.952173    
 1991.8334   1.20138    
 1991.9166   1.64479    
 1992.0000   1.67575    
 1992.0834   1.64918    
 1992.1666   1.56392    
 1992.2500   1.49051    
 1992.3334   1.36198    
 1992.4166  0.625187    
 1992.5000  0.385412    
 1992.5834 -0.730820E-01
 1992.6666 -0.914001E-01
 1992.7500 -0.303497    
 1992.8334 -0.848064E-01
 1992.9166  0.508289E-01
 1993.0000  0.312149    
 1993.0834  0.431925    
 1993.1666  0.524263    
 1993.2500  0.993145    
 1993.3334   1.01810    
 1993.4166  0.728418    
 1993.5000  0.432873    
 1993.5834  0.231537    
 1993.6666  0.308281    
 1993.7500  0.404282    
 1993.8334  0.342495    
 1993.9166  0.203690    
 1994.0000  0.843391E-01
 1994.0834 -0.146584    
 1994.1666 -0.996780E-02
 1994.2500  0.103655    
 1994.3334  0.216885    
 1994.4166  0.358028    
 1994.5000  0.262882    
 1994.5834  0.591648    
 1994.6666  0.445049    
 1994.7500  0.937632    
 1994.8334   1.19482    
 1994.9166   1.22372    
 1995.0000   1.14297    
 1995.0834  0.884007    
 1995.1666  0.534122    
 1995.2500  0.332396    
 1995.3334  0.103334    
 1995.4166  0.166779    
 1995.5000  0.142122    
 1995.5834 -0.304443    
 1995.6666 -0.519110    
 1995.7500 -0.680819    
 1995.8334 -0.727785    
 1995.9166 -0.714272    
 1996.0000 -0.602310    
 1996.0834 -0.646645    
 1996.1666 -0.423767    
 1996.2500 -0.263624    
 1996.3334 -0.322664    
 1996.4166 -0.295830E-01
 1996.5000 -0.238285E-01
 1996.5834 -0.216043    
 1996.6666 -0.284479    
 1996.7500 -0.228037    
 1996.8334 -0.241816    
 1996.9166 -0.416071    
 1997.0000 -0.386631    
 1997.0834 -0.224813    
 1997.1666 -0.118580E-01
 1997.2500  0.408825    
 1997.3334  0.958925    
 1997.4166   1.25148    
 1997.5000   1.73020    
 1997.5834   2.03518    
 1997.6666   2.17801    
 1997.7500   2.36551    
 1997.8334   2.51213    
 1997.9166   2.34631    
 1998.0000   2.49328    
 1998.0834   2.11730    
 1998.1666   1.55726    
 1998.2500  0.988075    
 1998.3334  0.781164    
 1998.4166 -0.298792    
 1998.5000 -0.619457    
 1998.5834 -0.751432    
 1998.6666 -0.767281    
 1998.7500  -1.13650    
 1998.8334  -1.16050    
 1998.9166  -1.48835    
 1999.0000  -1.47427    
 1999.0834  -1.39088    
 1999.1666 -0.858837    
 1999.2500 -0.734514    
 1999.3334 -0.786184    
 1999.4166 -0.863203    
 1999.5000 -0.721998    
 1999.5834 -0.903412    
 1999.6666 -0.783289    
 1999.7500 -0.984398    
 1999.8334  -1.34988    
 1999.9166  -1.52388    
 2000.0000  -1.74588    
 2000.0834  -1.51688    
 2000.1666  -1.20056    
 2000.2500 -0.718895    
 2000.3334 -0.709845    
 2000.4166 -0.662823    
 2000.5000 -0.453537    
 2000.5834 -0.275763    
 2000.6666 -0.337030    
 2000.7500 -0.501328    
 2000.8334 -0.684515    
 2000.9166 -0.900021    
 2001.0000 -0.824831    
 2001.0834 -0.605925    
 2001.1666 -0.419968    
 2001.2500 -0.221375    
 2001.3334 -0.216555    
 2001.4166 -0.237312E-01
 2001.5000  0.121632    
 2001.5834  0.373650E-02
 2001.6666 -0.238979    
 2001.7500 -0.217167    
 2001.8334 -0.227936    
 2001.9166 -0.454821    
 2002.0000 -0.100842    
 2002.0834  0.117149E-01
 2002.1666  0.156042    
 2002.2500  0.207226    
 2002.3334  0.290375    
 2002.4166  0.771967    
 2002.5000  0.681412    
 2002.5834  0.773207    
 2002.6666  0.867411    
 2002.7500   1.20653    
 2002.8334   1.47163    
 2002.9166   1.43338    
 2003.0000   1.02492    
 2003.0834  0.644735    
 2003.1666  0.530502    
 2003.2500  0.361347E-01
 2003.3334 -0.447235    
 2003.4166 -0.109592    
 2003.5000  0.257732    
 2003.5834  0.128227    
 2003.6666  0.202641    
 2003.7500  0.503502    
 2003.8334  0.451265    
 2003.9166  0.335009    
 2004.0000  0.308390    
 2004.0834  0.181915    
 2004.1666 -0.475769E-01
 2004.2500  0.134195    
 2004.3334  0.180485    
 2004.4166  0.224478    
 2004.5000  0.524023    
 2004.5834  0.745918    
 2004.6666  0.718191    
 2004.7500  0.775133    
 2004.8334  0.674385    
 2004.9166  0.722950    
 2005.0000  0.601938    
 2005.0834  0.267805    
 2005.1666  0.327044    
 2005.2500  0.354126    
 2005.3334  0.384754    
 2005.4166  0.312128    
 2005.5000  0.108522    
 2005.5834  0.381374E-01
 2005.6666 -0.309391E-01
 2005.7500 -0.100119    
 2005.8334 -0.382885    
 2005.9166 -0.744690    
 2006.0000 -0.935181    
 2006.0834 -0.694664    
 2006.1666 -0.681797    
 2006.2500 -0.232765    
 2006.3334 -0.226059E-01
 2006.4166  0.178577    
 2006.5000  0.141422    
 2006.5834  0.450407    
 2006.6666  0.680540    
 2006.7500  0.804502    
 2006.8334   1.03980    
 2006.9166   1.11802    
 2007.0000  0.640039    
 2007.0834  0.133135    
 2007.1666 -0.997963E-01
 2007.2500 -0.896149E-01
 2007.3334 -0.312635    
 2007.4166 -0.776329E-01
 2007.5000 -0.258099    
 2007.5834 -0.492523    
 2007.6666 -0.989120    
 2007.7500  -1.36825    
 2007.8334  -1.52938    
 2007.9166  -1.59672    
 2008.0000  -1.73805    
 2008.0834  -1.68195    
 2008.1666  -1.11203    
 2008.2500 -0.814695    
 2008.3334 -0.556625    
 2008.4166 -0.350403    
 2008.5000  0.829830E-01
 2008.5834  0.476170E-01
 2008.6666 -0.214930    
 2008.7500 -0.246067    
 2008.8334 -0.298935    
 2008.9166 -0.885561    
 2009.0000 -0.954660    
 2009.0834 -0.696495    
 2009.1666 -0.669737    
 2009.2500 -0.181145    
 2009.3334  0.259714    
 2009.4166  0.579308    
 2009.5000  0.809113    
 2009.5834  0.699537    
 2009.6666  0.741581    
 2009.7500   1.00059    
 2009.8334   1.55841    
 2009.9166   1.82667    
 2010.0000   1.47216    
 2010.0834   1.18857    
 2010.1666   1.11804    
 2010.2500  0.625406    
 2010.3334 -0.680752E-01
 2010.4166 -0.533941    
 2010.5000 -0.777588    
 2010.5834  -1.24566    
 2010.6666  -1.50499    
 2010.7500  -1.60582    
 2010.8334  -1.51195    
 2010.9166  -1.61235    
 2011.0000  -1.65023    
 2011.0834  -1.24599    
 2011.1666 -0.937548    
 2011.2500 -0.663855    
 2011.3334 -0.443356    
 2011.4166 -0.160131    
 2011.5000 -0.107058    
 2011.5834 -0.575142    
 2011.6666 -0.699860    
 2011.7500 -0.879189    
 2011.8334  -1.03594    
 2011.9166  -1.02758    
 2012.0000 -0.873941    
 2012.0834 -0.590185    
 2012.1666 -0.420567    
 2012.2500 -0.217775    
 2012.3334 -0.909443E-01
 2012.4166  0.234388    
 2012.5000  0.564651    
 2012.5834  0.751278    
 2012.6666  0.496750    
 2012.7500  0.273663    
 2012.8334  0.390665    
 2012.9166 -0.122101    
 2013.0000 -0.376970    
 2013.0834 -0.393003    
 2013.1666 -0.807171E-01
 2013.2500 -0.187492E-02
 2013.3334 -0.196085    
 2013.4166 -0.246073    
 2013.5000 -0.173567    
 2013.5834 -0.214672    
 2013.6666 -0.421104E-01
 2013.7500 -0.196287    
 2013.8334  0.417137E-01
 2013.9166 -0.712109E-01
 2014.0000 -0.370831    
 2014.0834 -0.438135    
 2014.1666 -0.191364E-01
 2014.2500  0.351816    
 2014.3334  0.535295    
 2014.4166  0.570948    
 2014.5000  0.245543    
 2014.5834  0.218197    
 2014.6666  0.423231    
 2014.7500  0.532072    
 2014.8334  0.954365    

