# NINO3.4 index, SST anomalies in 5S-5N, 120W-170W
# 1856-1949: <a href=http://ingrid.ldgo.columbia.edu/SOURCES/.Indices/.nino/.KAPLAN/>Kaplan reconstruction</a>
# 1950-now: <a href=http://www.cpc.noaa.gov/data/indices/>CPC (Reynolds OI SST)</a>
# last updated: 2015-03-05
# SSTA [C]
 1856    0.99    1.03    0.85    0.75    0.75    0.63    0.52    0.36    0.19   -0.10   -0.57   -0.80
 1857   -0.78   -0.75   -0.74   -0.64   -0.63   -0.51   -0.52   -0.48   -0.44   -0.61   -0.54   -0.33
 1858   -0.13    0.01   -0.02   -0.16   -0.18    0.03   -0.05   -0.03   -0.06   -0.18   -0.39   -0.61
 1859   -0.65   -0.52   -0.31   -0.33   -0.23   -0.27   -0.01    0.10    0.05   -0.02   -0.17   -0.17
 1860   -0.49   -0.67   -0.68   -0.67   -0.50   -0.26   -0.38   -0.53   -0.53   -0.42   -0.73   -0.66
 1861   -0.28   -0.12   -0.54   -0.57   -0.66   -0.53   -0.35   -0.39   -0.60   -0.62   -0.56   -0.62
 1862   -0.65   -0.56   -0.47   -0.26   -0.08   -0.24   -0.21   -0.11   -0.42   -0.77   -1.21   -1.12
 1863   -0.86   -0.78   -0.83   -0.72   -0.74   -0.74   -0.59   -0.38   -0.43   -0.43   -0.33   -0.27
 1864   -0.37   -0.22   -0.26   -0.23   -0.15   -0.01    0.37    0.77    0.85    0.90    0.78    0.68
 1865    0.72    0.69    0.62    0.50    0.43    0.43    0.58    0.53    0.60    0.79    0.86    0.96
 1866    1.07    1.09    1.15    1.01    1.08    1.08    1.05    0.86    0.57    0.34    0.24   -0.01
 1867    0.13    0.17    0.35    0.41    0.70    0.91    0.98    0.92    0.85    0.49    0.40    0.44
 1868    0.40    0.30    0.18    0.12    0.29    0.29    0.31    0.38    0.44    0.78    1.07    1.09
 1869    0.96    0.75    0.42    0.19    0.06    0.06   -0.08   -0.42   -0.97   -0.80   -0.77   -0.73
 1870   -0.93   -0.80   -0.49   -0.29   -0.42   -0.71   -0.76   -0.61   -0.56   -0.74   -1.00   -0.70
 1871   -0.59   -0.67   -0.63   -0.38   -0.32   -0.50   -0.15   -0.18   -0.19   -0.03   -0.06   -0.27
 1872   -0.55   -0.59   -0.58   -0.62   -0.53   -0.45   -0.61   -0.85   -1.27   -1.28   -1.19   -1.18
 1873   -1.06   -1.10   -1.07   -0.84   -0.49   -0.27   -0.17   -0.36   -0.32   -0.61   -1.05   -1.04
 1874   -0.94   -1.08   -0.97   -0.89   -0.83   -0.81   -0.84   -0.90   -1.00   -1.15   -1.28   -0.88
 1875   -0.65   -0.72   -0.48   -0.60   -0.66   -0.50   -0.33   -0.76   -0.66   -0.81   -0.63   -0.39
 1876   -0.69   -0.69   -0.74   -0.73   -0.26   -0.25   -0.13   -0.19   -0.23    0.13    0.32    0.38
 1877    0.58    0.67    0.87    1.18    1.21    1.61    1.82    1.96    2.07    1.92    2.05    2.14
 1878    2.24    2.21    1.78    1.41    1.33    1.30    0.99    0.34    0.02   -0.29   -0.25   -0.24
 1879   -0.03    0.22    0.02    0.03   -0.17   -0.23   -0.27   -0.73   -0.85   -0.96   -0.98   -1.14
 1880   -1.25   -0.44   -0.08   -0.07   -0.11   -0.30   -0.26   -0.13    0.08    0.27    0.31    0.59
 1881    0.72    0.56    0.59    0.58    0.60    0.44    0.30    0.28    0.13   -0.03   -0.33   -0.54
 1882   -0.52   -0.40   -0.20    0.02    0.13   -0.30   -0.37   -0.33   -0.28   -0.65   -0.76   -0.56
 1883   -0.39   -0.13    0.07    0.22    0.13    0.25    0.31    0.46    0.13   -0.11    0.00   -0.07
 1884    0.05    0.00   -0.04    0.20    0.44    0.03    0.23    0.37    0.46    0.62    0.70    0.65
 1885    0.70    0.56    0.75    0.81    0.68    0.74    0.69    0.90    1.07    1.18    1.24    1.03
 1886    0.55    0.06    0.13    0.16   -0.26   -0.86   -0.83   -0.91   -0.69   -1.06   -1.16   -1.39
 1887   -1.07   -0.93   -0.78   -0.81   -0.46   -0.35   -0.07   -0.25   -0.07   -0.07    0.01    0.21
 1888    0.58    0.87    0.93    0.69    0.66    0.87    0.99    0.97    1.32    1.66    1.93    1.91
 1889    1.99    1.65    1.40    1.05    0.88    0.36   -0.24   -0.80   -0.84   -1.19   -1.37   -1.36
 1890   -1.70   -1.10   -0.92   -0.70   -0.72   -0.73   -0.70   -0.83   -0.93   -1.13   -0.90   -0.27
 1891    0.06    0.15    0.08    0.37    0.57    0.57    0.43    0.34    0.19    0.21    0.16    0.05
 1892    0.13    0.03   -0.22   -0.37   -0.37   -0.38   -0.65   -0.99   -1.29   -1.76   -1.71   -1.42
 1893   -1.38   -1.48   -1.17   -1.09   -1.09   -1.07   -0.94   -1.09   -1.22   -1.39   -1.32   -1.17
 1894   -1.22   -1.13   -1.16   -1.05   -0.96   -0.66   -0.34   -0.64   -0.54   -0.37   -0.08   -0.14
 1895   -0.19   -0.25   -0.10    0.00   -0.05   -0.17   -0.17    0.03    0.26    0.23    0.49    0.37
 1896    0.25    0.35    0.24    0.32    0.16    0.35    0.70    1.14    1.09    1.28    1.60    1.91
 1897    1.75    1.28    0.80    0.22    0.05    0.15    0.13   -0.15   -0.15   -0.51   -0.72   -0.44
 1898   -0.39   -0.50   -0.51   -0.24   -0.26   -0.15   -0.32   -0.38   -0.38   -0.47   -0.65   -0.85
 1899   -0.72   -0.51   -0.31    0.00    0.32    0.27    0.56    0.88    0.95    1.25    1.49    1.56
 1900    1.41    1.30    0.96    0.97    0.93    0.79    0.68    0.62    0.62    0.56    0.40    0.70
 1901    0.67    0.33    0.04    0.12   -0.08   -0.10   -0.19   -0.15   -0.10   -0.17   -0.28   -0.31
 1902   -0.02    0.27    0.46    0.61    0.87    1.03    1.68    1.72    1.76    1.81    1.96    1.92
 1903    1.65    1.40    1.11    0.80    0.42    0.21   -0.06   -0.18   -0.38   -0.40   -0.71   -0.98
 1904   -0.83   -0.72   -0.42   -0.10    0.16    0.34    0.44    0.52    0.42    0.70    0.83    1.12
 1905    1.31    1.28    1.37    1.25    1.42    1.39    1.44    1.50    1.76    1.60    1.56    1.61
 1906    1.35    0.93    0.77    0.74    0.33    0.47    0.32   -0.15   -0.21   -0.51   -0.54   -0.37
 1907   -0.42   -0.39   -0.26    0.09    0.43    0.66    0.66    0.45    0.34    0.08   -0.29    0.07
 1908    0.03    0.14   -0.53   -0.51   -0.33   -0.36   -0.61   -0.27   -0.42   -0.61   -0.88   -0.93
 1909   -0.75   -0.64   -0.68   -0.32   -0.19   -0.29   -0.19   -0.05   -0.49   -0.99   -1.27   -1.10
 1910   -1.03   -1.29   -1.15   -1.28   -1.16   -0.90   -0.79   -0.99   -0.81   -0.77   -0.88   -0.76
 1911   -0.61   -0.78   -0.69   -0.58   -0.31   -0.14    0.03    0.16    0.44    0.69    1.00    1.06
 1912    1.17    1.12    0.81    0.85    0.68    0.43    0.08   -0.08   -0.10    0.05    0.16    0.03
 1913    0.10    0.22   -0.07   -0.08    0.09    0.19    0.27    0.38    0.37    0.53    0.87    1.02
 1914    1.07    0.92    0.79    1.18    1.11    0.94    0.96    1.17    1.15    1.20    1.22    1.32
 1915    1.40    1.38    1.35    1.13    1.26    1.23    1.22    0.78    0.43    0.30    0.16   -0.16
 1916   -0.33   -0.39   -0.50   -0.46   -0.48   -0.49   -0.61   -0.87   -1.03   -1.08   -1.20   -1.38
 1917   -1.47   -1.13   -1.15   -0.65   -0.25    0.06    0.07   -0.28   -0.50   -0.83   -0.96   -1.08
 1918   -1.05   -0.81   -0.42   -0.09    0.18    0.42    0.65    0.68    0.99    1.34    1.40    1.44
 1919    1.48    1.42    1.28    1.06    0.72    0.62    0.59    0.52    0.63    0.42    0.57    0.86
 1920    0.87    0.91    0.82    0.94    0.89    1.03    0.87    0.59    0.32    0.11   -0.18   -0.51
 1921   -0.39   -0.98   -1.87   -0.71   -0.37   -0.21   -0.08    0.14    0.09    0.02   -0.26   -0.09
 1922   -0.17    0.28    0.30    0.01    0.25    0.08   -0.25   -0.73   -0.30   -0.37   -0.17   -0.31
 1923   -0.56   -0.47   -0.05    0.21    0.38    0.38    0.30    0.93    0.80    0.69    0.81    0.89
 1924    0.80    0.89    0.61    0.25   -0.29   -0.20   -0.23   -0.37   -0.54   -0.79   -1.23   -0.83
 1925   -1.27   -0.89   -0.56   -0.17   -0.29   -0.13    0.31    0.73    0.63    0.69    1.26    1.61
 1926    1.42    1.12    1.11    0.86    0.54    0.48    0.71    0.53    0.08   -0.12   -0.01   -0.22
 1927   -0.35    0.10   -0.24   -0.24   -0.22    0.06   -0.11    0.12    0.20    0.36    0.25    0.19
 1928    0.16    0.09   -0.30    0.15    0.37    0.23    0.39    0.25    0.26   -0.02   -0.10   -0.12
 1929   -0.16    0.05   -0.07    0.15    0.04    0.29    0.39    0.47    0.53    0.54    0.77    0.85
 1930    0.55    0.41    0.47    0.66    0.33    0.49    1.00    0.94    1.25    1.31    1.91    1.62
 1931    1.58    1.40    1.17    1.15    0.91    0.72    0.44    0.19   -0.40   -0.71   -0.34   -0.44
 1932   -0.62   -0.36    0.28    0.22    0.26    0.21    0.02    0.04    0.05   -0.02    0.02   -0.26
 1933   -0.50   -0.30   -0.32   -0.30   -0.52   -0.76   -0.56   -0.99   -0.89   -1.19   -1.21   -1.29
 1934   -0.90   -1.05   -0.88   -0.35   -0.05   -0.07   -0.21   -0.02   -0.28   -0.42   -0.02    0.19
 1935   -0.25   -0.04   -0.50   -0.60   -0.57   -0.15   -0.36    0.26    0.16    0.37    0.02   -0.21
 1936    0.45    0.30    0.06    0.23    0.23   -0.15    0.01   -0.01    0.14    0.39    0.23    0.24
 1937   -0.34    0.06    0.16    0.12   -0.20   -0.23    0.01   -0.26    0.12   -0.20    0.00   -0.25
 1938   -0.46   -0.44   -0.37   -0.37   -0.48   -0.67   -1.23   -0.80   -0.61   -0.78   -0.99   -0.85
 1939   -1.02   -1.08   -0.80   -0.10   -0.02    0.24    0.16    0.19    0.13   -0.23    0.17    0.69
 1940    1.26    1.40    1.73    1.56    1.44    1.12    0.91    0.73    0.61    0.80    1.33    1.70
 1941    1.88    1.96    1.95    1.79    1.85    1.93    1.35    0.92    0.84    0.98    1.77    1.70
 1942    0.88    0.59    0.53    0.82    0.25   -0.22   -0.53   -1.03   -1.46   -1.68   -1.59   -1.36
 1943   -1.63   -1.59   -1.12   -0.67   -0.07    0.01    0.18    0.08   -0.30   -0.78   -0.60   -0.62
 1944   -0.61   -0.13   -0.15   -0.10    0.13    0.25    0.24   -0.07   -0.74   -0.64   -0.67   -0.53
 1945   -0.79   -0.83   -0.80   -0.58   -0.35   -0.07   -0.52   -0.57   -0.60   -0.48   -0.25   -0.07
 1946   -0.14   -0.26   -0.31   -0.48   -0.17    0.11    0.24   -0.58   -0.35   -0.03    0.13   -0.06
 1947    0.12   -0.02    0.20    0.11    0.03    0.40    0.46    0.16   -0.32   -0.55   -0.42   -0.13
 1948   -0.06    0.26    0.42    0.31    0.44    0.29    0.17   -0.07   -0.37   -0.75   -0.46    0.05
 1949   -0.34   -0.08   -0.64    0.04    0.28   -0.41   -0.30   -0.24   -0.34   -0.78   -1.24   -1.23
 1950   -1.04   -1.49   -1.06   -0.85   -1.20   -0.57   -0.45   -0.43   -0.88   -0.65   -0.86   -0.69
 1951   -0.74   -0.56   -0.25    0.00    0.10    0.37    0.51    0.49    0.69    0.53    0.64    0.40
 1952    0.38    0.28   -0.02    0.50    0.24   -0.28   -0.14   -0.12    0.03    0.08   -0.29   -0.26
 1953    0.32    0.23    0.02    0.51    0.49    0.55    0.42    0.37    0.78    0.49    0.37    0.36
 1954    0.54    0.37    0.25   -0.15   -0.14   -0.24   -0.54   -0.54   -0.71   -0.51   -0.49   -0.75
 1955   -0.44   -0.44   -0.37   -0.33   -0.68   -0.48   -0.43   -0.53   -0.65   -1.20   -1.67   -1.38
 1956   -0.90   -0.54   -0.63   -0.62   -0.43   -0.59   -0.52   -0.59   -0.59   -0.56   -0.81   -0.49
 1957   -0.48   -0.08    0.36    0.56    0.64    0.43    0.77    1.04    0.65    0.77    1.19    1.19
 1958    1.62    1.41    1.07    0.63    0.67    0.55    0.31    0.39    0.00    0.22    0.23    0.51
 1959    0.53    0.39    0.11    0.41    0.31   -0.11   -0.31   -0.44   -0.52    0.01   -0.14   -0.09
 1960   -0.13   -0.27    0.20    0.23    0.17   -0.02   -0.06    0.31    0.24   -0.25   -0.14   -0.11
 1961   -0.17    0.08    0.01    0.31    0.30    0.77    0.25   -0.27   -0.46   -0.52   -0.26   -0.17
 1962   -0.37   -0.27   -0.23   -0.21   -0.25   -0.01    0.12    0.04   -0.29   -0.37   -0.43   -0.54
 1963   -0.49   -0.28    0.02    0.14    0.29    0.47    1.02    1.07    1.11    1.05    1.03    1.23
 1964    0.86    0.42   -0.29   -0.33   -0.59   -0.75   -0.76   -0.60   -0.84   -0.88   -1.07   -1.07
 1965   -0.70   -0.35   -0.36   -0.07    0.55    0.74    0.95    1.29    1.51    1.67    1.71    1.60
 1966    1.37    0.97    0.95    0.67    0.28    0.51    0.55    0.13    0.21    0.11    0.04   -0.15
 1967   -0.40   -0.33   -0.35   -0.59   -0.30    0.14    0.17   -0.28   -0.56   -0.48   -0.36   -0.52
 1968   -0.73   -0.81   -0.68   -0.45   -0.24    0.39    0.66    0.43    0.13    0.28    0.74    0.82
 1969    1.32    1.05    0.54    0.34    0.76    0.54    0.36    0.35    0.73    0.85    0.84    0.93
 1970    0.97    0.81    0.58    0.61    0.37   -0.24   -0.87   -1.01   -1.00   -0.88   -1.17   -1.58
 1971   -1.53   -1.29   -1.28   -0.79   -0.61   -0.73   -0.42   -0.35   -0.70   -0.85   -0.85   -0.98
 1972   -0.51   -0.29   -0.13    0.24    0.42    0.79    0.92    1.35    1.35    1.89    2.22    2.07
 1973    1.53    1.38    0.79    0.11   -0.84   -1.10   -0.91   -1.50   -1.29   -1.71   -2.33   -2.21
 1974   -1.93   -1.74   -1.20   -1.00   -0.63   -0.37   -0.88   -0.35   -0.32   -0.61   -0.93   -0.69
 1975   -0.17   -0.47   -0.75   -0.53   -0.73   -1.04   -1.11   -1.03   -0.94   -1.38   -1.47   -1.66
 1976   -1.82   -1.25   -0.56   -0.29   -0.30    0.04    0.06    0.52    0.87    0.89    0.82    0.73
 1977    0.93    0.42    0.26   -0.09    0.43    0.65    0.47    0.21    0.31    0.62    1.04    1.03
 1978    0.87    0.45    0.26   -0.31   -0.15   -0.37   -0.31   -0.48   -0.34   -0.68   -0.09   -0.04
 1979    0.12    0.16    0.26    0.41    0.27    0.24   -0.19    0.05    0.63    0.17    0.20    0.66
 1980    0.53    0.34    0.23    0.40    0.22    0.54    0.10    0.06    0.05   -0.14    0.12    0.43
 1981   -0.41   -0.50   -0.14   -0.48   -0.19   -0.19   -0.62   -0.54   -0.13   -0.14   -0.70   -0.20
 1982    0.15   -0.02   -0.02    0.24    0.69    1.10    0.88    1.11    1.39    1.95    2.16    2.64
 1983    2.79    2.41    1.81    1.13    1.04    0.59   -0.15   -0.29   -0.28   -0.82   -1.07   -0.98
 1984   -0.93   -0.33   -0.36   -0.39   -0.46   -0.79   -0.48   -0.48   -0.29   -0.76   -1.24   -1.57
 1985   -1.14   -1.05   -0.99   -0.98   -0.74   -0.79   -0.53   -0.32   -0.47   -0.50   -0.46   -0.46
 1986   -0.78   -0.78   -0.57   -0.34   -0.35    0.04    0.15    0.33    0.61    0.88    1.08    1.13
 1987    1.34    1.30    1.25    1.02    0.90    1.38    1.58    1.76    1.67    1.38    1.34    1.03
 1988    0.75    0.50    0.09   -0.46   -1.37   -1.54   -1.65   -1.58   -1.29   -2.07   -2.38   -2.24
 1989   -2.04   -1.39   -1.32   -1.09   -0.76   -0.67   -0.48   -0.49   -0.47   -0.43   -0.41   -0.19
 1990   -0.02    0.23    0.24    0.24    0.21   -0.07    0.03    0.23    0.03    0.29    0.07    0.34
 1991    0.44    0.21    0.03    0.20    0.50    0.71    0.70    0.62    0.35    0.94    1.21    1.80
 1992    1.84    1.91    1.61    1.36    1.14    0.37    0.31   -0.18   -0.24   -0.35   -0.14    0.16
 1993    0.12    0.25    0.44    0.81    0.97    0.63    0.33    0.02    0.20    0.24    0.26    0.19
 1994    0.03   -0.13    0.05    0.12    0.19    0.34    0.13    0.53    0.28    0.80    1.22    1.30
 1995    0.98    0.73    0.41    0.15   -0.12   -0.06   -0.21   -0.49   -0.76   -1.02   -0.99   -1.00
 1996   -0.83   -0.87   -0.60   -0.42   -0.48   -0.33   -0.13   -0.26   -0.37   -0.45   -0.46   -0.55
 1997   -0.61   -0.36   -0.19    0.25    0.75    1.29    1.70    2.02    2.21    2.54    2.67    2.69
 1998    2.53    2.14    1.45    0.78    0.62   -0.93   -1.28   -1.33   -1.11   -1.35   -1.47   -1.78
 1999   -1.67   -1.31   -0.97   -0.94   -0.88   -1.05   -0.87   -1.23   -1.01   -1.05   -1.53   -1.67
 2000   -1.92   -1.53   -1.14   -0.77   -0.73   -0.62   -0.50   -0.37   -0.51   -0.73   -0.87   -0.98
 2001   -0.83   -0.61   -0.38   -0.26   -0.25    0.03    0.10    0.05   -0.17   -0.10   -0.20   -0.40
 2002   -0.07    0.23    0.10    0.16    0.30    0.78    0.76    0.97    1.11    1.36    1.62    1.52
 2003    1.19    0.77    0.59    0.03   -0.48   -0.17    0.21    0.03    0.24    0.50    0.40    0.32
 2004    0.17    0.14   -0.12    0.06    0.21    0.11    0.47    0.72    0.75    0.69    0.66    0.74
 2005    0.53    0.24    0.33    0.29    0.35    0.40    0.25    0.06   -0.09    0.06   -0.31   -0.68
 2006   -0.93   -0.64   -0.65   -0.19    0.06    0.20    0.13    0.40    0.62    0.78    1.08    1.19
 2007    0.69    0.09   -0.04    0.00   -0.28   -0.10   -0.43   -0.62   -0.95   -1.47   -1.59   -1.60
 2008   -1.86   -1.89   -1.15   -0.95   -0.67   -0.48   -0.03    0.03   -0.28   -0.36   -0.35   -0.83
 2009   -1.03   -0.68   -0.55   -0.27    0.18    0.47    0.72    0.71    0.75    0.94    1.54    1.72
 2010    1.50    1.22    1.08    0.59   -0.17   -0.65   -1.13   -1.32   -1.65   -1.68   -1.58   -1.62
 2011   -1.64   -1.27   -0.98   -0.76   -0.43   -0.18   -0.26   -0.64   -0.74   -0.97   -1.05   -1.04
 2012   -1.08   -0.69   -0.58   -0.39   -0.05    0.31    0.53    0.73    0.51    0.29    0.36   -0.11
 2013   -0.41   -0.40   -0.22   -0.10   -0.27   -0.21   -0.31   -0.28   -0.07   -0.33    0.01   -0.04
 2014   -0.51   -0.55   -0.22    0.24    0.46    0.46    0.18    0.20    0.45    0.49    0.85    0.78
 2015    0.53    0.56 -999.90 -999.90 -999.90 -999.90 -999.90 -999.90 -999.90 -999.90 -999.90 -999.90
