oc
oc.rwl
 1631     .8840
 1632     .7840
 1633    1.0960
 1634    1.4670
 1635     .6740
 1636    1.6170
 1637     .9160
 1638     .8100
 1639     .9780
 1640     .9180
 1641     .8830
 1642     .9390
 1643    1.0030
 1644     .8280
 1645     .9370
 1646    1.1240
 1647     .9980
 1648     .9940
 1649    1.1310
 1650    1.0410
 1651    1.0780
 1652     .9010
 1653    1.2070
 1654     .8770
 1655    1.0200
 1656    1.1460
 1657    1.0510
 1658    1.2400
 1659     .9540
 1660     .9230
 1661     .8970
 1662     .8470
 1663     .8870
 1664    1.1430
 1665     .8900
 1666     .8510
 1667     .9520
 1668     .9820
 1669    1.1690
 1670     .9540
 1671     .8930
 1672     .9260
 1673    1.1900
 1674    1.0420
 1675    1.2180
 1676    1.0290
 1677    1.4060
 1678    1.2080
 1679     .8340
 1680    1.3390
 1681     .8610
 1682     .8710
 1683     .7940
 1684    1.0070
 1685     .8150
 1686     .7220
 1687     .6190
 1688    1.1900
 1689    1.0210
 1690    1.1670
 1691     .9080
 1692    1.1430
 1693    1.0190
 1694    1.0120
 1695    1.2440
 1696    1.0980
 1697     .8800
 1698     .9740
 1699     .9340
 1700     .9550
 1701    1.1370
 1702     .8390
 1703     .9830
 1704     .7600
 1705    1.0870
 1706     .9600
 1707     .7960
 1708    1.0000
 1709    1.0050
 1710    1.0280
 1711     .9910
 1712     .8880
 1713     .9070
 1714     .9490
 1715     .9530
 1716    1.0500
 1717     .9480
 1718    1.0380
 1719    1.1100
 1720    1.1220
 1721     .9500
 1722     .9280
 1723     .9860
 1724    1.1330
 1725    1.2030
 1726    1.0270
 1727    1.0250
 1728     .8600
 1729    1.0650
 1730     .9710
 1731    1.0000
 1732     .9160
 1733     .9300
 1734     .9760
 1735    1.1070
 1736    1.0410
 1737     .9980
 1738    1.0270
 1739    1.0450
 1740     .9800
 1741     .8290
 1742     .8890
 1743     .9940
 1744     .9670
 1745     .9410
 1746     .8100
 1747    1.0860
 1748    1.3090
 1749     .9380
 1750     .7060
 1751     .7780
 1752     .8780
 1753    1.1070
 1754    1.1350
 1755     .8850
 1756    1.1100
 1757    1.1170
 1758    1.0360
 1759     .9310
 1760     .9990
 1761     .9360
 1762    1.0080
 1763     .9850
 1764    1.0590
 1765     .9110
 1766    1.1090
 1767     .9590
 1768    1.1630
 1769    1.0010
 1770     .8290
 1771    1.1500
 1772    1.0790
 1773    1.0220
 1774     .6850
 1775     .9740
 1776     .9230
 1777     .9750
 1778    1.0340
 1779     .8830
 1780    1.1170
 1781    1.1030
 1782    1.0050
 1783    1.0550
 1784     .8120
 1785     .9280
 1786    1.0460
 1787    1.0570
 1788    1.1600
 1789    1.0220
 1790    1.0110
 1791     .9310
 1792    1.0460
 1793    1.1310
 1794    1.0580
 1795    1.0360
 1796     .9830
 1797    1.0990
 1798     .9430
 1799     .8210
 1800     .9260
 1801    1.0820
 1802    1.0220
 1803     .6460
 1804    1.0050
 1805     .9710
 1806     .8680
 1807    1.0400
 1808    1.0730
 1809     .9680
 1810    1.1260
 1811    1.0470
 1812    1.0760
 1813     .9530
 1814     .9490
 1815     .9990
 1816     .9860
 1817     .9360
 1818     .9500
 1819     .7760
 1820     .9110
 1821     .9140
 1822     .8460
 1823     .8090
 1824    1.0970
 1825     .9290
 1826    1.0040
 1827    1.1240
 1828    1.1460
 1829     .8660
 1830    1.1840
 1831     .9660
 1832     .9330
 1833     .9780
 1834     .8220
 1835     .9610
 1836     .9190
 1837     .8470
 1838     .9420
 1839     .9430
 1840    1.1830
 1841    1.0290
 1842    1.1440
 1843     .9500
 1844     .9830
 1845    1.0020
 1846    1.0460
 1847     .9770
 1848     .9780
 1849     .9170
 1850    1.0880
 1851    1.1070
 1852    1.0280
 1853    1.0630
 1854    1.0360
 1855     .8430
 1856     .8820
 1857    1.0520
 1858     .8230
 1859    1.0980
 1860    1.0110
 1861     .8410
 1862    1.0310
 1863     .8940
 1864     .9890
 1865     .9340
 1866    1.0170
 1867     .8650
 1868     .8750
 1869    1.0310
 1870    1.0410
 1871     .8170
 1872     .9380
 1873     .8810
 1874    1.0820
 1875     .9900
 1876    1.1230
 1877     .9950
 1878    1.1470
 1879     .9430
 1880    1.0820
 1881     .9580
 1882    1.0080
 1883     .9590
 1884    1.1490
 1885     .6750
 1886    1.0620
 1887    1.0040
 1888     .9690
 1889    1.2010
 1890     .9850
 1891     .9120
 1892    1.0380
 1893    1.0320
 1894    1.0190
 1895     .9600
 1896     .9320
 1897    1.0310
 1898     .8710
 1899     .8890
 1900    1.0180
 1901     .9850
 1902     .7810
 1903    1.1490
 1904    1.1440
 1905    1.0020
 1906    1.1800
 1907     .9390
 1908     .7200
 1909     .9280
 1910     .8890
 1911    1.0510
 1912    1.0970
 1913    1.0540
 1914     .9700
 1915    1.1020
 1916    1.1130
 1917    1.0400
 1918     .8340
 1919     .8650
 1920    1.0590
 1921    1.0250
 1922    1.0030
 1923     .9750
 1924    1.1670
 1925     .9070
 1926     .9470
 1927    1.0840
 1928    1.0510
 1929     .8420
 1930     .9840
 1931   