wd.rwl
 1642    1.1740
 1643    1.0250
 1644    1.1740
 1645     .9420
 1646    1.0100
 1647     .8520
 1648    1.0330
 1649     .7920
 1650     .8850
 1651     .9650
 1652    1.1430
 1653    1.2920
 1654     .9300
 1655    1.1080
 1656     .9800
 1657     .7220
 1658     .9040
 1659    1.0970
 1660     .8370
 1661     .8410
 1662     .8460
 1663    1.2700
 1664     .9650
 1665     .7950
 1666     .9220
 1667     .9100
 1668     .8580
 1669    1.0440
 1670     .9160
 1671    1.2300
 1672     .9430
 1673    1.2700
 1674     .9300
 1675    1.4630
 1676     .9510
 1677    1.1990
 1678    1.3270
 1679     .8580
 1680     .9230
 1681     .7630
 1682    1.0080
 1683     .8220
 1684    1.2560
 1685     .9260
 1686     .9340
 1687     .9210
 1688     .7390
 1689     .9020
 1690    1.1860
 1691    1.2290
 1692    1.2650
 1693     .9030
 1694    1.1840
 1695    1.1620
 1696    1.0980
 1697     .8070
 1698     .7570
 1699     .7660
 1700    1.0350
 1701    1.0940
 1702    1.0480
 1703     .8900
 1704     .6740
 1705     .9460
 1706     .9840
 1707    1.0550
 1708    1.0310
 1709     .9110
 1710     .8970
 1711    1.1150
 1712    1.1670
 1713     .9620
 1714     .9700
 1715     .9160
 1716    1.0730
 1717    1.0300
 1718    1.0060
 1719    1.0560
 1720    1.1830
 1721     .9400
 1722    1.0150
 1723     .8550
 1724     .9750
 1725     .9700
 1726     .8590
 1727     .8720
 1728     .8640
 1729    1.1050
 1730     .9450
 1731    1.2730
 1732     .8820
 1733     .8290
 1734     .8430
 1735    1.1070
 1736    1.1930
 1737     .9590
 1738     .9030
 1739    1.1860
 1740    1.1600
 1741     .7620
 1742    1.1770
 1743     .8700
 1744     .8890
 1745    1.0950
 1746     .8110
 1747    1.0640
 1748     .6600
 1749     .9760
 1750    1.0550
 1751    1.0010
 1752    1.0240
 1753    1.0370
 1754    1.2150
 1755     .7750
 1756    1.3290
 1757     .8620
 1758     .7700
 1759     .9200
 1760     .8660
 1761    1.1250
 1762     .9200
 1763    1.1940
 1764     .8890
 1765     .9570
 1766    1.1400
 1767     .8970
 1768    1.1320
 1769     .8700
 1770    1.1750
 1771    1.0370
 1772     .8810
 1773    1.0440
 1774     .7310
 1775     .8430
 1776    1.0240
 1777     .9820
 1778    1.0400
 1779     .8220
 1780    1.1260
 1781    1.1630
 1782     .9940
 1783     .9840
 1784     .9380
 1785     .9860
 1786    1.0850
 1787    1.0470
 1788    1.1170
 1789     .8350
 1790     .9070
 1791     .7840
 1792     .7810
 1793    1.0610
 1794    1.0390
 1795    1.0720
 1796    1.0580
 1797     .8720
 1798    1.0350
 1799    1.0790
 1800     .9770
 1801    1.1230
 1802    1.0250
 1803     .9800
 1804    1.1080
 1805     .9660
 1806     .8420
 1807     .9430
 1808    1.0140
 1809    1.0570
 1810     .8920
 1811    1.0040
 1812     .9740
 1813     .9710
 1814    1.0270
 1815    1.0150
 1816     .9490
 1817    1.0070
 1818    1.0740
 1819     .9990
 1820     .9490
 1821    1.0620
 1822     .9050
 1823     .9150
 1824    1.0490
 1825     .9580
 1826     .8980
 1827    1.1260
 1828    1.0210
 1829     .9310
 1830    1.0760
 1831    1.0040
 1832    1.1720
 1833    1.0790
 1834    1.0180
 1835     .9690
 1836    1.1030
 1837     .9320
 1838     .9900
 1839     .9030
 1840    1.1370
 1841    1.0020
 1842     .9690
 1843     .9040
 1844     .9710
 1845     .9050
 1846     .9600
 1847     .9230
 1848     .9590
 1849    1.0090
 1850    1.0850
 1851     .9720
 1852     .9990
 1853     .9380
 1854    1.1350
 1855    1.0120
 1856    1.0230
 1857    1.0510
 1858     .9340
 1859     .8930
 1860     .9110
 1861     .9420
 1862    1.0970
 1863     .9790
 1864    1.0020
 1865     .9860
 1866     .9740
 1867     .9170
 1868     .9840
 1869    1.0930
 1870    1.0270
 1871     .8620
 1872     .9250
 1873     .9860
 1874     .8990
 1875    1.0450
 1876    1.0130
 1877     .9390
 1878    1.0940
 1879     .9300
 1880     .9780
 1881    1.1030
 1882    1.0300
 1883     .9850
 1884    1.0870
 1885     .9080
 1886    1.0260
 1887    1.0150
 1888     .9910
 1889    1.1490
 1890     .9810
 1891     .9220
 1892     .9470
 1893     .9640
 1894     .9330
 1895     .9750
 1896     .9130
 1897     .9170
 1898     .8840
 1899     .9550
 1900     .9360
 1901    1.0970
 1902     .9240
 1903    1.1220
 1904    1.0910
 1905     .9570
 1906    1.1000
 1907    1.0620
 1908    1.0760
 1909    1.0800
 1910    1.0260
 1911     .7660
 1912     .9940
 1913    1.0430
 1914     .8040
 1915     .9480
 1916    1.1600
 1917    1.0220
 1918     .9160
 1919    1.0960
 1920    1.0920
 1921     .9880
 1922    1.0480
 1923     .8980
 1924    1.1340
 1925     .8220
 1926     .9580
 1927    1.1300
 1928    1.1770
 1929    1.0050
 1930     .9520
 1931     .9650
 1932    1.0070
 1933     .8750
 1934     .9640
 1935     .9190
 1936     .9220
 1937    1.0970
 1938    1.0730
 1939    1.0490
 1940    1.0690
 1941     .9160
 1942    1.0