    1722  1.1354
    1723  1.1233
    1724  1.2415
    1725  1.1292
    1726  0.7538
    1727  0.9824
    1728  1.2248
    1729  0.8575
    1730  0.6441
    1731  0.6466
    1732  0.8380
    1733  0.7874
    1734  0.6465
    1735  0.9696
    1736  1.5076
    1737  1.3158
    1738  1.0194
    1739  1.2451
    1740  1.0447
    1741  0.9270
    1742  1.0285
    1743  0.8650
    1744  0.5517
    1745  1.1981
    1746  0.9375
    1747  0.7993
    1748  0.6521
    1749  0.7369
    1750  0.7013
    1751  0.6834
    1752  0.6083
    1753  0.8275
    1754  1.0148
    1755  0.8673
    1756  1.1579
    1757  1.0529
    1758  0.6215
    1759  1.1515
    1760  1.7250
    1761  1.1322
    1762  1.2499
    1763  1.1955
    1764  1.1800
    1765  1.0088
    1766  1.2972
    1767  0.8205
    1768  1.0432
    1769  0.7458
    1770  0.9964
    1771  1.0481
    1772  0.8345
    1773  0.7132
    1774  0.4309
    1775  0.2666
    1776  0.6584
    1777  0.7021
    1778  0.8930
    1779  1.1344
    1780  1.0779
    1781  1.1327
    1782  0.7199
    1783  0.9782
    1784  0.9060
    1785  0.7979
    1786  1.1356
    1787  1.1442
    1788  1.2001
    1789  1.0269
    1790  0.9114
    1791  1.0097
    1792  1.3141
    1793  1.5499
    1794  1.3028
    1795  0.9421
    1796  0.9383
    1797  0.6736
    1798  0.7914
    1799  0.6615
    1800  1.0341
    1801  0.8601
    1802  1.4263
    1803  1.0173
    1804  1.0051
    1805  0.8387
    1806  0.6842
    1807  0.9804
    1808  0.9530
    1809  1.1269
    1810  1.1569
    1811  1.1892
    1812  0.8977
    1813  0.8652
    1814  1.3751
    1815  1.2671
    1816  0.7581
    1817  0.9942
    1818  0.8196
    1819  0.6837
    1820  0.9885
    1821  0.8305
    1822  0.8353
    1823  0.5953
    1824  0.9075
    1825  1.0334
    1826  0.8625
    1827  0.9472
    1828  0.9661
    1829  0.7340
    1830  1.0920
    1831  0.9510
    1832  1.1740
    1833  0.9560
    1834  1.0072
    1835  1.2923
    1836  1.3394
    1837  1.1097
    1838  0.8388
    1839  0.7116
    1840  0.9958
    1841  0.8574
    1842  1.2301
    1843  1.1350
    1844  1.0944
    1845  0.7567
    1846  0.8202
    1847  0.9942
    1848  0.8191
    1849  0.8541
    1850  0.7924
    1851  1.0073
    1852  1.2431
    1853  0.8686
    1854  1.1338
    1855  1.5996
    1856  0.9843
    1857  0.8637
    1858  0.9177
    1859  0.8538
    1860  0.9850
    1861  1.0519
    1862  1.0284
    1863  1.1312
    1864  0.9037
    1865  0.9998
    1866  0.9448
    1867  0.8173
    1868  0.9070
    1869  0.9027
    1870  0.9598
    1871  0.8024
    1872  1.1651
    1873  0.9248
    1874  0.7956
    1875  1.2761
    1876  1.0438
    1877  0.8797
    1878  1.2140
    1879  0.9302
    1880  0.8940
    1881  0.9303
    1882  0.9714
    1883  0.9565
    1884  1.0275
    1885  0.9312
    1886  1.1061
    1887  0.9729
    1888  0.9969
    1889  1.3874
    1890  0.9954
    1891  1.1138
    1892  1.1116
    1893  0.9357
    1894  0.7818
    1895  0.8163
    1896  0.9965
    1897  0.8828
    1898  0.9279
    1899  1.0000
    1900  0.9186
    1901  0.8949
    1902  1.0422
    1903  1.0905
    1904  1.0652
    1905  1.0194
    1906  0.9273
    1907  1.1462
    1908  1.0920
    1909  1.1897
    1910  1.1814
    1911  0.7790
    1912  0.9677
    1913  0.9396
    1914  0.6610
    1915  1.2497
    1916  1.1232
    1917  0.9592
    1918  0.9039
    1919  1.0060
    1920  1.0995
    1921  1.0279
    1922  1.1264
    1923  0.9695
    1924  1.1453
    1925  0.7402
    1926  0.8446
    1927  1.1295
    1928  1.1388
    1929  0.9028
    1930  0.7278
    1931  0.8997
    1932  0.8925
    1933  0.7397
    1934  0.8521
    1935  1.0165
    1936  0.9177
    1937  1.1041
    1938  1.1089
    1939  0.9059
    1940  1.0609
    1941  1.0728
    1942  1.0239
    1943  0.9609
    1944  0.7908
    1945  0.9411
    1946  1.0309
    1947  0.9369
    1948  1.0368
    1949  1.1827
    1950  1.2577
    1951  1.3123
    1952  1.0655
    1953  1.2033
    1954  0.8799
    1955  0.9469
    1956  0.9875
    1957  1.0371
    1958  1.1942
    1959  0.8736
    1960  0.8608
    1961  1.0177
    1962  0.9516
    1963  0.8336
    1964  0.7906
    1965  0.9329
    1966  0.6904
    1967  1.0201
    1968  0.9066
    1969  0.9453
    1970  0.9285
    1971  1.0276
    1972  1.2056
    1973  1.1510
    1974  1.0891
    1975  1.0820
    1976  1.1922
    1977  1.1660
    1978  0.9762
    1979  1.0475
    1980  1.2137
    1981  0.9304
    1982  0.9891
    1983  0.9575
    1984  0.8369
    1985  0.9792
    1986  0.8673
    1987  0.7057
    1988  0.8781
    1989  1.1373
    1990  0.9090
    1991  0.8242
    1992  0.8609
    1993  1.1561
    1994  1.1097
    1995  1.1036
    1996  1.1122
    1997  0.8108
    1998  1.0183
    1999  0.9038
    2000  1.0959
    2001  1.0414
