    1764  1.2365
    1765  1.0622
    1766  0.6512
    1767  0.6988
    1768  1.1374
    1769  1.0050
    1770  0.9015
    1771  0.8233
    1772  1.1960
    1773  1.1988
    1774  1.0086
    1775  1.0161
    1776  1.5598
    1777  0.8058
    1778  1.1705
    1779  0.9248
    1780  1.0949
    1781  0.8849
    1782  0.9588
    1783  0.9169
    1784  0.9881
    1785  1.0210
    1786  0.8735
    1787  0.8918
    1788  0.7955
    1789  0.7573
    1790  0.9308
    1791  0.8494
    1792  1.1084
    1793  1.0246
    1794  1.2132
    1795  1.2770
    1796  0.9983
    1797  1.0806
    1798  0.8219
    1799  1.0499
    1800  0.9438
    1801  1.1249
    1802  1.1004
    1803  1.0841
    1804  1.0815
    1805  1.0793
    1806  0.8909
    1807  0.9216
    1808  0.8772
    1809  0.8364
    1810  0.8813
    1811  0.9530
    1812  0.9390
    1813  0.9063
    1814  1.0189
    1815  1.0691
    1816  1.0128
    1817  0.9242
    1818  0.7903
    1819  0.8914
    1820  1.0549
    1821  0.9109
    1822  0.9609
    1823  0.9622
    1824  0.9600
    1825  1.1042
    1826  1.1711
    1827  1.3383
    1828  1.1290
    1829  1.0032
    1830  0.9356
    1831  0.9570
    1832  1.0463
    1833  0.8847
    1834  0.7866
    1835  0.8216
    1836  0.9492
    1837  1.0254
    1838  0.8362
    1839  0.6891
    1840  0.7725
    1841  0.7844
    1842  0.8199
    1843  0.9576
    1844  1.0855
    1845  0.9219
    1846  1.2170
    1847  1.1368
    1848  1.0029
    1849  1.0905
    1850  0.8619
    1851  1.0106
    1852  1.0161
    1853  0.9106
    1854  0.8903
    1855  1.2771
    1856  1.0980
    1857  0.9719
    1858  1.0509
    1859  0.9051
    1860  1.0127
    1861  0.9714
    1862  1.0654
    1863  1.1509
    1864  0.9898
    1865  0.9432
    1866  0.8424
    1867  0.8065
    1868  0.8249
    1869  0.8838
    1870  1.0047
    1871  0.8554
    1872  1.0480
    1873  0.9679
    1874  0.8078
    1875  1.0151
    1876  1.1566
    1877  0.9698
    1878  1.1893
    1879  0.9385
    1880  0.9169
    1881  0.8874
    1882  1.0432
    1883  0.9841
    1884  1.0306
    1885  0.8805
    1886  1.1648
    1887  0.9978
    1888  0.9139
    1889  1.1694
    1890  0.9584
    1891  1.1799
    1892  1.1447
    1893  1.1180
    1894  1.0055
    1895  0.9735
    1896  0.9013
    1897  0.8986
    1898  0.8734
    1899  0.9774
    1900  0.9287
    1901  1.0269
    1902  0.9180
    1903  1.0087
    1904  1.1481
    1905  0.9195
    1906  0.8508
    1907  1.1343
    1908  1.1226
    1909  1.1344
    1910  1.1615
    1911  0.7861
    1912  0.7585
    1913  0.8473
    1914  0.6626
    1915  1.0148
    1916  1.1009
    1917  0.9833
    1918  0.8890
    1919  1.1362
    1920  0.9196
    1921  0.9559
    1922  1.2493
    1923  0.9480
    1924  1.2876
    1925  0.8331
    1926  0.8150
    1927  1.1009
    1928  1.1867
    1929  1.2026
    1930  0.7036
    1931  0.7792
    1932  0.8476
    1933  0.7610
    1934  0.7554
    1935  0.7998
    1936  0.7619
    1937  0.8061
    1938  1.2930
    1939  1.1861
    1940  1.3945
    1941  1.2230
    1942  1.2945
    1943  1.1601
    1944  0.9608
    1945  0.8934
    1946  0.9633
    1947  0.8117
    1948  1.0220
    1949  1.1238
    1950  1.2945
    1951  1.1216
    1952  1.0231
    1953  1.0737
    1954  0.8113
    1955  0.7821
    1956  0.8631
    1957  0.9656
    1958  0.9448
    1959  0.8469
    1960  0.8125
    1961  0.9201
    1962  0.9920
    1963  0.8346
    1964  0.8754
    1965  0.9940
    1966  0.7726
    1967  0.9340
    1968  1.0024
    1969  0.9033
    1970  0.8086
    1971  1.0723
    1972  1.2154
    1973  1.3190
    1974  1.2645
    1975  1.2156
    1976  1.1610
    1977  0.8820
    1978  0.9755
    1979  0.9153
    1980  0.8853
    1981  0.9660
    1982  1.0306
    1983  1.1324
    1984  0.8328
    1985  0.9081
    1986  0.8484
    1987  0.8553
    1988  0.8743
    1989  1.1257
    1990  0.9758
    1991  0.9505
    1992  1.0886
    1993  0.9394
    1994  0.9194
    1995  1.1128
    1996  1.0819
    1997  0.9841
    1998  1.0172
    1999  0.8529
    2000  1.0014
    2001  1.0094
    2002  0.8024
    2003  1.0754
    2004  1.0479
    2005  1.2016
    2006  0.9636
    2007  0.8475
    2008  0.9618
    2009  1.1320
    2010  0.8906
