    1631  0.8702
    1632  0.7652
    1633  1.0567
    1634  1.4514
    1635  0.7261
    1636  1.6214
    1637  0.9544
    1638  0.8553
    1639  0.9513
    1640  0.9009
    1641  0.8646
    1642  0.9136
    1643  0.9667
    1644  0.8036
    1645  0.9118
    1646  1.0778
    1647  0.9859
    1648  1.0127
    1649  1.1417
    1650  1.0722
    1651  1.1113
    1652  0.9179
    1653  1.2057
    1654  0.8698
    1655  1.0163
    1656  1.1195
    1657  1.0611
    1658  1.2562
    1659  0.9775
    1660  0.9476
    1661  0.8814
    1662  0.8288
    1663  0.8514
    1664  1.0999
    1665  0.8806
    1666  0.8519
    1667  0.9109
    1668  0.9412
    1669  1.1639
    1670  1.0031
    1671  0.9671
    1672  1.0026
    1673  1.1479
    1674  1.0596
    1675  1.2578
    1676  1.0604
    1677  1.4586
    1678  1.1707
    1679  0.8474
    1680  1.2782
    1681  0.8758
    1682  0.9323
    1683  0.7818
    1684  0.9052
    1685  0.7069
    1686  0.6290
    1687  0.5009
    1688  1.0517
    1689  0.9689
    1690  1.1497
    1691  0.8572
    1692  1.1159
    1693  1.0993
    1694  1.1420
    1695  1.1978
    1696  1.1591
    1697  1.0134
    1698  1.0264
    1699  0.9221
    1700  0.9537
    1701  1.0970
    1702  0.8616
    1703  0.9964
    1704  0.7252
    1705  1.0614
    1706  0.9527
    1707  0.7937
    1708  0.9473
    1709  0.9383
    1710  0.9767
    1711  0.9897
    1712  0.8833
    1713  0.9063
    1714  0.9143
    1715  0.9043
    1716  1.0660
    1717  1.0533
    1718  1.0506
    1719  1.0710
    1720  1.1542
    1721  0.9617
    1722  0.9193
    1723  0.9551
    1724  1.0998
    1725  1.1632
    1726  1.0399
    1727  1.0575
    1728  0.8705
    1729  1.0632
    1730  1.0083
    1731  1.0088
    1732  0.9127
    1733  0.9419
    1734  0.9738
    1735  1.1003
    1736  1.0545
    1737  1.0184
    1738  1.0374
    1739  1.0454
    1740  0.9769
    1741  0.8304
    1742  0.9139
    1743  0.9708
    1744  0.9698
    1745  0.9389
    1746  0.8314
    1747  1.0486
    1748  1.3276
    1749  0.9989
    1750  0.7782
    1751  0.7441
    1752  0.7976
    1753  1.0363
    1754  1.0922
    1755  0.8806
    1756  1.1315
    1757  1.1363
    1758  1.0754
    1759  0.9284
    1760  1.0098
    1761  0.9268
    1762  0.9759
    1763  0.9538
    1764  1.0446
    1765  0.9109
    1766  1.0980
    1767  0.9405
    1768  1.1627
    1769  0.9883
    1770  0.8861
    1771  1.1287
    1772  1.0847
    1773  1.0453
    1774  0.7146
    1775  0.9386
    1776  0.8810
    1777  0.9447
    1778  0.9999
    1779  0.8743
    1780  1.1074
    1781  1.0765
    1782  1.0168
    1783  1.0580
    1784  0.8278
    1785  0.8997
    1786  0.9806
    1787  1.0240
    1788  1.1610
    1789  1.0513
    1790  1.0684
    1791  0.9458
    1792  1.0549
    1793  1.1252
    1794  1.0764
    1795  1.0895
    1796  1.0060
    1797  1.1238
    1798  0.9618
    1799  0.8397
    1800  0.9071
    1801  1.0510
    1802  1.0023
    1803  0.6564
    1804  0.9555
    1805  0.9095
    1806  0.8473
    1807  0.9873
    1808  1.0708
    1809  0.9905
    1810  1.1197
    1811  1.0540
    1812  1.1484
    1813  1.0196
    1814  0.9892
    1815  1.0118
    1816  0.9821
    1817  0.9657
    1818  0.9401
    1819  0.7649
    1820  0.8728
    1821  0.8648
    1822  0.8003
    1823  0.7539
    1824  1.0280
    1825  0.8918
    1826  0.9763
    1827  1.1193
    1828  1.1784
    1829  0.9051
    1830  1.1974
    1831  0.9772
    1832  0.9608
    1833  0.9562
    1834  0.8282
    1835  0.9154
    1836  0.8890
    1837  0.8257
    1838  0.9059
    1839  0.9137
    1840  1.1718
    1841  1.0508
    1842  1.1785
    1843  0.9755
    1844  1.0334
    1845  1.0246
    1846  1.0778
    1847  1.0063
    1848  1.0084
    1849  0.9397
    1850  1.0955
    1851  1.1051
    1852  1.0661
    1853  1.0921
    1854  1.0538
    1855  0.8543
    1856  0.8651
    1857  1.0102
    1858  0.8112
    1859  1.0562
    1860  0.9933
    1861  0.8451
    1862  0.9954
    1863  0.8716
    1864  0.9841
    1865  0.8961
    1866  0.9980
    1867  0.8593
    1868  0.8633
    1869  0.9936
    1870  1.0180
    1871  0.8238
    1872  0.9144
    1873  0.8605
    1874  1.0574
    1875  0.9764
    1876  1.1151
    1877  1.0139
    1878  1.1812
    1879  0.9907
    1880  1.1221
    1881  1.0018
    1882  1.0219
    1883  0.9624
    1884  1.1310
    1885  0.6990
    1886  1.0412
    1887  0.9625
    1888  0.9585
    1889  1.1774
    1890  1.0047
    1891  0.9254
    1892  1.0354
    1893  1.0601
    1894  1.0312
    1895  0.9931
    1896  0.9421
    1897  1.0339
    1898  0.8609
    1899  0.8695
    1900  0.9965
    1901  1.0003
    1902  0.8135
    1903  1.1082
    1904  1.1228
    1905  1.0338
    1906  1.1946
    1907  0.9554
    1908  0.7423
    1909  0.8640
    1910  0.8312
    1911  0.9925
    1912  1.0653
    1913  1.0575
    1914  0.9750
    1915  1.0859
    1916  1.1303
    1917  1.0773
    1918  0.8633
    1919  0.8493
    1920  1.0367
    1921  1.0184
    1922  1.0101
    1923  0.9755
    1924  1.1608
    1925  0.9259
    1926  0.9712
    1927  1.0610
    1928  1.0490
    1929  0.8825
    1930  0.9743
    1931  0.9079
    1932  0.8757
    1933  0.9930
    1934  1.0988
    1935  1.1530
    1936  0.7874
    1937  1.0614
    1938  1.0472
    1939  1.0337
    1940  0.9745
    1941  0.9150
    1942  1.0385
    1943  1.1697
    1944  1.0837
    1945  1.0717
    1946  1.0363
    1947  1.0469
    1948  0.8364
    1949  0.8796
    1950  0.9691
    1951  0.9445
    1952  0.8905
    1953  0.9502
    1954  0.8422
    1955  0.9260
    1956  1.0546
    1957  1.1601
    1958  1.0790
    1959  0.9458
    1960  0.9075
    1961  0.9711
    1962  0.8933
    1963  0.9351
    1964  1.0624
    1965  1.0215
    1966  0.8799
    1967  0.8589
    1968  0.8387
    1969  0.9818
    1970  0.9905
    1971  1.2454
    1972  1.0775
    1973  1.0503
    1974  1.0541
    1975  1.1881
    1976  1.1311
    1977  0.8873
    1978  1.0917
    1979  1.0723
    1980  0.9812
    1981  0.6497
