    0.006494    1.746381    2.361207    0.135881
    0.015152    1.139194    2.417129    0.359636
    0.023810    4.138184    2.469579    0.002460
    0.032468    1.153383    2.393410    0.334672
    0.041126    1.385993    2.281068    0.235824
    0.049784    0.286279    2.222395    0.884515
    0.058442    1.152594    2.256497    0.293696
    0.067100    1.666411    2.221834    0.135828
    0.075758    0.394321    2.296297    0.812618
    0.084416    2.155415    2.443937    0.080207
    0.093074    2.748719    2.507736    0.036210
    0.101732    0.178385    2.403595    0.949890
    0.110390    0.589694    2.298435    0.661352
    0.119048    0.922067    2.246233    0.432360
    0.127706    0.762501    2.334517    0.554959
    0.136364    0.739138    2.429590    0.583405
    0.145022    1.182966    2.345340    0.310491
    0.153680    1.785307    2.337402    0.127179
    0.162338    0.396828    2.336578    0.818330
    0.170996    1.260302    2.408582    0.293853
    0.179654    1.482941    2.375890    0.211062
    0.188312    0.349551    2.412710    0.843586
    0.196970    0.666910    2.421928    0.622836
    0.205628    0.269938    2.297043    0.895413
    0.214286    1.076241    2.335631    0.357629
    0.222944    0.453979    2.331420    0.771582
    0.231602    0.582461    2.385313    0.672645
    0.240260    0.859928    2.290919    0.501136
    0.248918    0.322291    2.322374    0.863265
    0.257576    1.071784    2.370225    0.367201
    0.266234    2.174285    2.325452    0.065049
    0.274892    2.311864    2.382923    0.055608
    0.283550    0.684112    2.384890    0.604731
    0.292208    0.320413    2.377102    0.853320
    0.300866    0.586614    2.412559    0.679121
    0.309524    0.811116    2.338611    0.528001
    0.318182    2.734944    2.321305    0.023465
    0.326840    1.400859    2.316409    0.223420
    0.335498    1.384458    2.372711    0.234866
    0.344156    0.579763    2.394619    0.681641
    0.352814    1.220341    2.394195    0.303682
    0.361472    0.192882    2.448557    0.942188
    0.370130    0.572313    2.306827    0.682008
    0.378788    0.301863    2.378152    0.879838
    0.387446    1.447005    2.361612    0.217405
    0.396104    0.115965    2.313763    0.977848
    0.404762    1.532480    2.262792    0.176641
    0.413420    1.516747    2.316145    0.184844
    0.422078    0.065851    2.341131    0.994712
    0.430736    0.282056    2.408251    0.897824
    0.439394    0.401480    2.506369    0.819756
    0.448052    0.492174    2.461946    0.758804
    0.456710    1.086089    2.415382    0.374720
    0.465368    0.088427    2.315154    0.988694
    0.474026    0.103662    2.296647    0.980947
    0.482684    0.519932    2.319554    0.711553
    0.491342    0.244339    2.378482    0.889792
