    0.006494    3.186635    2.342549    0.012688
    0.015152    0.610552    2.462061    0.676969
    0.023810    3.666240    2.464143    0.008230
    0.032468    0.563568    2.359790    0.699559
    0.041126    1.672344    2.294924    0.149179
    0.049784    0.642588    2.202588    0.613191
    0.058442    2.715109    2.226396    0.020923
    0.067100    0.946833    2.242346    0.406172
    0.075758    0.746313    2.303370    0.553239
    0.084416    1.035923    2.415909    0.413138
    0.093074    0.878066    2.513385    0.512764
    0.101732    1.537420    2.367886    0.196363
    0.110390    0.767972    2.308437    0.531363
    0.119048    4.355157    2.266584    0.000691
    0.127706    1.134189    2.300655    0.331736
    0.136364    1.255568    2.445981    0.293713
    0.145022    3.089253    2.385768    0.012234
    0.153680    2.145558    2.335784    0.072040
    0.162338    1.988784    2.351474    0.087267
    0.170996    2.376669    2.382584    0.050839
    0.179654    3.386649    2.388566    0.009843
    0.188312    0.108470    2.406731    0.979062
    0.196970    2.126535    2.422192    0.078519
    0.205628    0.030954    2.279850    0.999484
    0.214286    0.541211    2.352635    0.698536
    0.222944    0.303015    2.334769    0.876937
    0.231602    0.118193    2.407731    0.977033
    0.240260    0.625787    2.282791    0.656267
    0.248918    1.196490    2.351883    0.308481
    0.257576    1.078077    2.403590    0.354672
    0.266234    1.629623    2.331671    0.158801
    0.274892    0.350923    2.353362    0.851704
    0.283550    0.402539    2.400668    0.816246
    0.292208    0.151935    2.388564    0.960250
    0.300866    0.433766    2.403038    0.794426
    0.309524    0.549171    2.354413    0.705592
    0.318182    1.017081    2.330482    0.389860
    0.326840    0.938383    2.306285    0.432894
    0.335498    0.042527    2.356974    0.996137
    0.344156    0.802641    2.375372    0.529366
    0.352814    0.239592    2.393674    0.917981
    0.361472    0.152562    2.420249    0.961512
    0.370130    0.884351    2.331242    0.470196
    0.378788    0.416025    2.352604    0.804200
    0.387446    0.429063    2.342699    0.795443
    0.396104    0.393327    2.322896    0.810694
    0.404762    0.651610    2.247062    0.610115
    0.413420    0.405069    2.334227    0.798080
    0.422078    0.101449    2.334901    0.986346
    0.430736    0.084116    2.415645    0.989734
    0.439394    0.168571    2.510645    0.954690
    0.448052    0.106924    2.450524    0.983302
    0.456710    0.564009    2.420345    0.696846
    0.465368    0.332987    2.298699    0.863905
    0.474026    0.709421    2.307541    0.577209
    0.482684    0.191064    2.267924    0.932722
    0.491342    0.247697    2.339232    0.894140
