    0.006494    0.859626    2.360320    0.489170
    0.015152    0.234044    2.412013    0.923779
    0.023810    1.083933    2.460687    0.387831
    0.032468    1.630822    2.412845    0.160578
    0.041126    0.695475    2.280389    0.600850
    0.049784    1.849392    2.210254    0.098050
    0.058442    2.604067    2.249760    0.023822
    0.067100    1.274525    2.232106    0.247343
    0.075758    0.334190    2.310391    0.857853
    0.084416    0.569153    2.430433    0.702453
    0.093074    1.233768    2.527925    0.327880
    0.101732    0.410247    2.408261    0.808265
    0.110390    1.730811    2.317195    0.134243
    0.119048    0.767207    2.234679    0.527087
    0.127706    0.679434    2.319595    0.610107
    0.136364    1.874517    2.421076    0.113582
    0.145022    2.604942    2.352994    0.031754
    0.153680    2.442598    2.349649    0.042912
    0.162338    1.102642    2.341163    0.355569
    0.170996    0.523059    2.406102    0.716879
    0.179654    1.675304    2.391529    0.161077
    0.188312    0.190041    2.400938    0.944474
    0.196970    1.105875    2.413889    0.366027
    0.205628    0.119268    2.307996    0.977840
    0.214286    1.274361    2.365062    0.275364
    0.222944    0.414719    2.317903    0.799641
    0.231602    0.071479    2.388949    0.989419
    0.240260    1.626591    2.302481    0.160457
    0.248918    0.875138    2.319930    0.479510
    0.257576    1.466647    2.375607    0.212642
    0.266234    2.061929    2.294832    0.080155
    0.274892    0.680780    2.380769    0.610848
    0.283550    0.921963    2.389848    0.452438
    0.292208    0.901137    2.384803    0.457825
    0.300866    1.525133    2.408822    0.191772
    0.309524    1.226696    2.365158    0.305936
    0.318182    1.378721    2.316472    0.235145
    0.326840    0.552614    2.299032    0.689195
    0.335498    0.916028    2.361560    0.454034
    0.344156    1.200733    2.379456    0.321079
    0.352814    0.260527    2.378177    0.905134
    0.361472    0.107312    2.432644    0.979240
    0.370130    0.886340    2.278995    0.465570
    0.378788    0.708667    2.370767    0.602480
    0.387446    2.087557    2.340283    0.076248
    0.396104    0.168367    2.288345    0.955254
    0.404762    1.276475    2.258370    0.259131
    0.413420    1.379749    2.310681    0.231880
    0.422078    0.347367    2.309116    0.844555
    0.430736    0.989114    2.386853    0.433134
    0.439394    1.183252    2.503118    0.349289
    0.448052    0.437988    2.470559    0.796445
    0.456710    0.393564    2.427781    0.820979
    0.465368    0.381735    2.297533    0.832804
    0.474026    1.462026    2.300188    0.203851
    0.482684    0.039783    2.314077    0.996259
    0.491342    0.025358    2.389834    0.998635
