    0.004329    1.678478    3.035303    0.188895
    0.008658    0.040774    2.973762    0.966171
    0.012987    0.163552    2.973583    0.851786
    0.017316    0.304536    3.123728    0.745563
    0.021645    0.791294    3.086748    0.466690
    0.025974    1.376571    3.093288    0.268167
    0.030303    0.002374    2.986747    0.997136
    0.034632    3.259270    2.962627    0.035984
    0.038961    0.447536    2.975052    0.643774
    0.043290    0.943414    2.979728    0.394110
    0.047619    0.750867    2.813349    0.456047
    0.051948    2.947918    2.798462    0.041556
    0.056277    5.187555    2.767924    0.004435
    0.060606    0.020579    2.741611    0.979031
    0.064935    1.058622    2.843161    0.321465
    0.069264    1.490428    2.868976    0.206630
    0.073593    0.616672    2.893592    0.523403
    0.077922    0.051707    3.018199    0.949232
    0.082251    0.859132    3.091527    0.436888
    0.086580    0.279174    3.174574    0.762717
    0.090909    1.084704    3.261632    0.371445
    0.095238    1.382831    3.110832    0.276173
    0.099567    0.637990    3.019039    0.530583
    0.103896    0.182504    3.100729    0.835509
    0.108225    1.179442    2.968659    0.297249
    0.112554    2.282180    2.910280    0.098444
    0.116883    0.061531    2.845950    0.945963
    0.121212    1.472884    2.897001    0.227114
    0.125541    0.852374    2.992934    0.431007
    0.129870    0.506493    2.929033    0.598337
    0.134199    3.433961    3.033842    0.033799
    0.138528    0.315073    3.057507    0.738108
    0.142857    0.322147    2.943628    0.719342
    0.147186    4.887738    2.963185    0.006956
    0.151515    2.596244    2.903832    0.066918
    0.155844    2.288953    3.006089    0.106585
    0.160173    0.735411    2.949370    0.482191
    0.164502    1.469872    2.991554    0.225602
    0.168831    0.021952    3.029645    0.978193
    0.173160    1.024166    2.934175    0.358380
    0.177489    1.092646    3.030298    0.334614
    0.181818    2.257961    3.141962    0.108126
    0.186147    0.325958    3.012170    0.722736
    0.190476    0.054124    3.087334    0.944213
    0.194805    0.729322    3.018701    0.481563
    0.199134    1.482428    3.028320    0.243693
    0.203463    0.233708    3.016913    0.783667
    0.207792    0.004829    2.854448    0.995800
    0.212121    0.996129    2.968626    0.350854
    0.216450    1.552592    3.096375    0.208575
    0.220779    0.689357    2.946274    0.513881
    0.225108    0.140080    2.975354    0.869164
    0.229437    0.093578    2.973449    0.904983
    0.233766    0.049381    2.994139    0.954131
    0.238095    0.693618    2.934046    0.513881
    0.242424    2.559563    2.901135    0.070673
    0.246753    0.285779    3.075420    0.760839
    0.251082    1.464497    2.931045    0.222582
    0.255411    0.559307    3.009547    0.573955
    0.259740    2.373986    2.999587    0.094498
    0.264069    3.688898    2.968616    0.022447
    0.268398    0.434960    2.930057    0.631531
    0.272727    1.042190    3.054021    0.359483
    0.277056    0.319369    2.923753    0.733039
    0.281385    1.173494    2.963585    0.308252
    0.285714    0.670433    3.130383    0.526497
    0.290043    1.151343    3.012403    0.321284
    0.294372    0.650930    2.982047    0.521745
    0.298701    0.371604    3.055874    0.692973
    0.303030    2.678663    3.029420    0.069276
    0.307359    1.273008    2.943253    0.294794
    0.311688    1.180383    3.053435    0.306845
    0.316017    2.633048    2.970824    0.070364
    0.320346    0.124393    2.978501    0.884659
    0.324675    0.152602    2.835106    0.854523
    0.329004    0.952625    2.951170    0.380497
    0.333333    1.145068    2.988926    0.309929
    0.337662    0.686988    2.883643    0.517854
    0.341991    0.537162    2.949076    0.593628
    0.346320    1.864305    3.060645    0.156315
    0.350649    0.125092    3.046803    0.883177
    0.354978    0.395962    2.982834    0.677060
    0.359307    0.159125    2.967008    0.846872
    0.363636    0.055498    3.221769    0.948981
    0.367965    0.259465    3.075881    0.774852
    0.372294    1.513215    2.789434    0.205977
    0.376623    0.995545    2.959187    0.378117
    0.380952    0.421789    2.967586    0.663454
    0.385281    0.987417    2.921215    0.374246
    0.389610    3.187697    2.941563    0.039518
    0.393939    0.272558    2.994393    0.754350
    0.398268    0.064176    3.002228    0.941823
    0.402597    1.260625    2.886341    0.283955
    0.406926    1.292325    2.828613    0.260990
    0.411255    0.874155    2.906099    0.405159
    0.415584    1.885342    2.962254    0.147181
    0.419913    0.278655    2.959270    0.755899
    0.424242    0.416080    2.973390    0.650137
    0.428571    1.935390    3.051777    0.145019
    0.432900    0.042837    3.022470    0.963770
    0.437229    1.387789    3.005536    0.270558
    0.441558    0.978715    3.267453    0.392146
    0.445887    0.281170    3.156198    0.768882
    0.450216    0.594806    3.111286    0.572423
    0.454545    0.655187    3.162536    0.528423
    0.458874    0.131941    3.015954    0.880997
    0.463203    0.134307    2.899462    0.880405
    0.467532    0.629164    2.874098    0.539347
    0.471861    0.436183    2.839322    0.634360
    0.476190    2.487869    3.054785    0.086725
    0.480519    0.012126    2.898654    0.988654
    0.484848    0.067440    2.904517    0.932086
    0.489177    0.017899    2.945853    0.979764
    0.493506    0.032817    2.994507    0.962651
    0.497835    1.188103    2.959476    0.300276
    0.502164    1.188094    2.959475    0.300276
