    0.006494    0.987251    2.356227    0.406216
    0.015152    0.186927    2.460781    0.944052
    0.023810    2.555212    2.478220    0.043656
    0.032468    1.985086    2.374148    0.089677
    0.041126    5.558201    2.295346    0.000200
    0.049784    0.617561    2.216755    0.631177
    0.058442    0.908537    2.247148    0.425742
    0.067100    0.609499    2.216018    0.630707
    0.075758    1.219108    2.295987    0.292671
    0.084416    0.995106    2.431671    0.440946
    0.093074    4.471804    2.515205    0.002598
    0.101732    2.087927    2.400427    0.083502
    0.110390    0.423271    2.291258    0.780658
    0.119048    0.626324    2.255040    0.626375
    0.127706    3.975923    2.305646    0.000985
    0.136364    0.635192    2.446448    0.649934
    0.145022    2.229076    2.366603    0.060948
    0.153680    0.362146    2.319467    0.833510
    0.162338    0.196638    2.351502    0.946059
    0.170996    1.284491    2.384377    0.283898
    0.179654    1.173799    2.381770    0.316395
    0.188312    0.675268    2.425888    0.620676
    0.196970    0.405192    2.420337    0.813959
    0.205628    0.614865    2.296494    0.646247
    0.214286    0.398988    2.356858    0.804884
    0.222944    0.168499    2.343999    0.955612
    0.231602    0.536014    2.399945    0.705375
    0.240260    0.811803    2.300853    0.530337
    0.248918    0.224888    2.358951    0.922470
    0.257576    0.597733    2.387243    0.656091
    0.266234    1.814798    2.324510    0.121449
    0.274892    1.148744    2.370594    0.340821
    0.283550    0.404435    2.402564    0.812020
    0.292208    1.631336    2.380672    0.163031
    0.300866    0.442584    2.406071    0.789164
    0.309524    1.011803    2.354071    0.407687
    0.318182    0.741183    2.305198    0.565044
    0.326840    0.963585    2.298758    0.411577
    0.335498    0.414007    2.351937    0.802361
    0.344156    0.832266    2.398343    0.511299
    0.352814    0.550366    2.375992    0.708643
    0.361472    1.178787    2.430896    0.328277
    0.370130    0.744623    2.310630    0.562967
    0.378788    0.933878    2.368188    0.451812
    0.387446    0.433537    2.343123    0.792783
    0.396104    1.270562    2.331464    0.271930
    0.404762    1.496860    2.266665    0.182246
    0.413420    0.533703    2.326224    0.697251
    0.422078    0.591534    2.356450    0.669876
    0.430736    0.110792    2.405551    0.983996
    0.439394    0.371377    2.491306    0.838744
    0.448052    0.638207    2.473478    0.657013
    0.456710    0.142733    2.409211    0.965105
    0.465368    0.386916    2.328109    0.825260
    0.474026    0.449466    2.301522    0.767990
    0.482684    0.266012    2.303138    0.889841
    0.491342    0.260597    2.359834    0.880643
