    0.006494    0.021943    2.363680    0.999800
    0.015152    0.183088    2.460140    0.945755
    0.023810    2.385184    2.472192    0.059468
    0.032468    1.320975    2.375878    0.260139
    0.041126    6.203824    2.312569    0.000200
    0.049784    0.304417    2.208646    0.870268
    0.058442    3.909046    2.252566    0.001766
    0.067100    0.836755    2.210725    0.468817
    0.075758    0.280949    2.291453    0.893040
    0.084416    3.998204    2.420524    0.003348
    0.093074    2.746233    2.500528    0.035995
    0.101732    0.818350    2.394353    0.525197
    0.110390    0.340019    2.293383    0.844884
    0.119048    1.798054    2.267007    0.111651
    0.127706    1.861956    2.316770    0.104048
    0.136364    2.462508    2.462602    0.050194
    0.145022    1.801639    2.358256    0.121699
    0.153680    0.705424    2.320396    0.578561
    0.162338    0.306970    2.361100    0.881101
    0.170996    1.080782    2.377480    0.376961
    0.179654    1.276270    2.363733    0.279092
    0.188312    1.145661    2.417768    0.341552
    0.196970    0.471311    2.419249    0.769644
    0.205628    0.406056    2.286192    0.798648
    0.214286    0.055855    2.375809    0.995485
    0.222944    0.275748    2.339614    0.891765
    0.231602    0.211908    2.386403    0.933908
    0.240260    0.743378    2.297305    0.574745
    0.248918    0.621185    2.361225    0.640459
    0.257576    0.054294    2.394332    0.994600
    0.266234    2.388876    2.329278    0.045492
    0.274892    0.598600    2.360663    0.669586
    0.283550    0.154902    2.389508    0.961701
    0.292208    1.361105    2.395016    0.246944
    0.300866    0.550802    2.412183    0.712406
    0.309524    0.659435    2.358891    0.625859
    0.318182    0.529766    2.315387    0.708873
    0.326840    0.714984    2.322284    0.575929
    0.335498    0.424581    2.356225    0.792989
    0.344156    1.891597    2.409897    0.113342
    0.352814    0.706548    2.357156    0.599996
    0.361472    0.299551    2.428374    0.882006
    0.370130    1.021707    2.308170    0.390858
    0.378788    0.737512    2.372836    0.578057
    0.387446    1.316714    2.369498    0.264682
    0.396104    0.204662    2.327288    0.936046
    0.404762    0.933772    2.265988    0.427139
    0.413420    0.533424    2.331910    0.696465
    0.422078    0.675728    2.356137    0.612463
    0.430736    0.346367    2.413195    0.856112
    0.439394    0.493597    2.490246    0.757725
    0.448052    0.679689    2.464664    0.631742
    0.456710    0.069867    2.415966    0.993191
    0.465368    0.364706    2.305547    0.840503
    0.474026    0.608770    2.305470    0.647311
    0.482684    0.244496    2.295141    0.905058
    0.491342    0.079281    2.341969    0.985328
