    0.006494    3.360787    2.358421    0.009784
    0.015152    1.285301    2.426789    0.293388
    0.023810    1.110466    2.476125    0.371467
    0.032468    0.923707    2.389572    0.461343
    0.041126    0.948398    2.288028    0.438841
    0.049784    2.747870    2.218961    0.017165
    0.058442    1.340075    2.239409    0.216041
    0.067100    2.448498    2.216700    0.034812
    0.075758    1.532158    2.280831    0.188424
    0.084416    0.891099    2.450711    0.496870
    0.093074    3.727146    2.514993    0.008240
    0.101732    0.801762    2.408619    0.538261
    0.110390    1.678397    2.286985    0.147630
    0.119048    1.225683    2.247998    0.273768
    0.127706    1.705388    2.339179    0.136667
    0.136364    1.027216    2.437840    0.404045
    0.145022    0.888935    2.355201    0.460853
    0.153680    0.624847    2.335988    0.636893
    0.162338    0.634598    2.344996    0.648754
    0.170996    0.742925    2.400239    0.569270
    0.179654    1.143862    2.369985    0.328405
    0.188312    0.304984    2.416378    0.872468
    0.196970    0.705125    2.410449    0.598548
    0.205628    0.135542    2.312659    0.970452
    0.214286    0.539176    2.330514    0.698985
    0.222944    0.345284    2.344924    0.847384
    0.231602    0.573225    2.400347    0.681047
    0.240260    1.060600    2.303356    0.383622
    0.248918    0.346145    2.340674    0.845576
    0.257576    1.794856    2.389681    0.127617
    0.266234    0.732754    2.313329    0.553132
    0.274892    0.795885    2.382385    0.537177
    0.283550    1.943667    2.386449    0.103056
    0.292208    0.486560    2.373010    0.743625
    0.300866    1.490830    2.398966    0.201157
    0.309524    1.041443    2.337131    0.392214
    0.318182    1.349615    2.320850    0.244529
    0.326840    0.365981    2.306260    0.829110
    0.335498    0.409968    2.384405    0.807225
    0.344156    0.500189    2.382673    0.736734
    0.352814    0.024560    2.381113    0.998509
    0.361472    0.589406    2.435832    0.672013
    0.370130    1.227945    2.316771    0.291640
    0.378788    0.585546    2.385767    0.691490
    0.387446    0.867681    2.345915    0.487450
    0.396104    0.218306    2.316137    0.927561
    0.404762    0.634888    2.266188    0.623046
    0.413420    0.729558    2.334508    0.558208
    0.422078    1.987911    2.338484    0.087052
    0.430736    0.913207    2.404533    0.470507
    0.439394    0.222226    2.503920    0.932499
    0.448052    0.193731    2.457929    0.948117
    0.456710    0.338481    2.396328    0.852585
    0.465368    1.376064    2.326426    0.240321
    0.474026    0.978974    2.294075    0.407157
    0.482684    0.223659    2.306330    0.915349
    0.491342    0.604496    2.380254    0.627962
