    0.006494    0.095651    2.332992    0.985732
    0.015152    0.812838    2.420379    0.544391
    0.023810    0.266374    2.443547    0.913786
    0.032468    0.513903    2.420830    0.726514
    0.041126    0.210801    2.276135    0.934364
    0.049784    0.571459    2.233868    0.666731
    0.058442    0.546465    2.218431    0.687388
    0.067100    1.093960    2.260500    0.329750
    0.075758    2.136213    2.283791    0.068384
    0.084416    0.450646    2.433744    0.787578
    0.093074    1.371411    2.500581    0.273782
    0.101732    1.033302    2.369842    0.402364
    0.110390    0.882876    2.328823    0.475248
    0.119048    0.616373    2.223744    0.634199
    0.127706    1.539953    2.311831    0.184640
    0.136364    0.570659    2.360664    0.693916
    0.145022    1.470681    2.322818    0.203983
    0.153680    0.464812    2.380789    0.763215
    0.162338    0.679262    2.333890    0.612503
    0.170996    1.222488    2.333792    0.303950
    0.179654    1.050158    2.404219    0.388202
    0.188312    0.045503    2.381425    0.995490
    0.196970    0.365465    2.414751    0.838313
    0.205628    1.533370    2.292627    0.187408
    0.214286    0.575245    2.342420    0.663498
    0.222944    0.195522    2.379195    0.938352
    0.231602    0.515735    2.322444    0.729696
    0.240260    3.523623    2.297105    0.006035
    0.248918    0.476422    2.319628    0.750904
    0.257576    0.761805    2.401562    0.545824
    0.266234    2.032316    2.336725    0.080572
    0.274892    1.999707    2.357006    0.093175
    0.283550    2.007517    2.406735    0.093173
    0.292208    0.572866    2.405572    0.672143
    0.300866    1.015617    2.420272    0.395029
    0.309524    1.048308    2.374319    0.387243
    0.318182    0.304890    2.323382    0.875811
    0.326840    0.982115    2.320231    0.409986
    0.335498    0.636721    2.353208    0.642173
    0.344156    0.522087    2.343171    0.729722
    0.352814    0.406977    2.411823    0.812489
    0.361472    0.453066    2.413875    0.766317
    0.370130    1.698414    2.288181    0.140394
    0.378788    2.102120    2.369788    0.079411
    0.387446    1.201000    2.408182    0.310879
    0.396104    1.030199    2.294438    0.387646
    0.404762    0.598062    2.275876    0.647140
    0.413420    2.269261    2.287845    0.052168
    0.422078    1.645102    2.334316    0.148668
    0.430736    0.720648    2.386165    0.597669
    0.439394    1.369144    2.480361    0.276859
    0.448052    0.308232    2.467086    0.890729
    0.456710    0.636914    2.434070    0.646317
    0.465368    0.772790    2.333149    0.552331
    0.474026    1.727998    2.278718    0.133157
    0.482684    2.526222    2.295561    0.032959
    0.491342    1.421419    2.352171    0.214793
