    0.001877    0.442203    2.399752    0.784576
    0.004380    1.175361    2.414188    0.310637
    0.006884    1.327707    2.395571    0.245670
    0.009387    1.661463    2.374199    0.155132
    0.011890    3.766225    2.443416    0.005283
    0.014393    1.000751    2.401156    0.423272
    0.016896    1.187715    2.485156    0.332828
    0.019399    1.249810    2.492238    0.310292
    0.021902    0.480835    2.472461    0.759666
    0.024406    0.990172    2.376761    0.426832
    0.026909    0.441405    2.585078    0.810578
    0.029412    3.604851    2.362585    0.004510
    0.031915    0.397015    2.390090    0.819492
    0.034418    0.659514    2.405951    0.625575
    0.036921    0.496545    2.356027    0.740651
    0.039424    0.438379    2.237968    0.772691
    0.041927    1.415849    2.360993    0.217953
    0.044431    2.343630    2.213908    0.040289
    0.046934    1.091439    2.278814    0.339123
    0.049437    1.393060    2.153191    0.196351
    0.051940    3.357001    2.280068    0.006296
    0.054443    0.827672    2.198509    0.483288
    0.056946    1.589023    2.255374    0.145558
    0.059449    2.791645    2.251988    0.022334
    0.061952    2.001783    2.195249    0.074128
    0.064456    1.925682    2.242543    0.081716
    0.066959    0.911401    2.325682    0.433548
    0.069462    2.242785    2.241393    0.050290
    0.071965    0.527357    2.189043    0.693468
    0.074468    1.180607    2.408191    0.313908
    0.076971    2.288494    2.399974    0.064495
    0.079474    2.788461    2.405206    0.026668
    0.081977    3.210150    2.359240    0.009554
    0.084481    3.153559    2.792647    0.023819
    0.086984    1.771006    2.492875    0.160336
    0.089487    2.604826    2.559188    0.049388
    0.091990    3.247794    2.480684    0.013134
    0.094493    1.921283    2.462480    0.123072
    0.096996    0.925673    2.388135    0.479262
    0.099499    1.650974    2.324169    0.157156
    0.102002    2.371171    2.515183    0.061718
    0.104506    1.605070    2.401076    0.183898
    0.107009    1.521695    2.315478    0.197774
    0.109512    1.579720    2.409905    0.179295
    0.112015    2.760277    2.313935    0.025043
    0.114518    0.694954    2.346078    0.593641
    0.117021    0.651514    2.194415    0.594949
    0.119524    2.685643    2.357845    0.028072
    0.122027    1.613474    2.240315    0.153548
    0.124531    1.333757    2.395681    0.258265
    0.127034    2.037281    2.303313    0.090515
    0.129537    1.400392    2.320303    0.222143
    0.132040    1.014830    2.371169    0.404314
    0.134543    1.021161    2.431953    0.389339
    0.137046    1.034233    2.433641    0.381002
    0.139549    0.827580    2.408932    0.524783
    0.142053    0.706082    2.299237    0.575023
    0.144556    1.830746    2.358778    0.118926
    0.147059    1.553271    2.411431    0.182638
    0.149562    2.441193    2.297885    0.039057
    0.152065    1.169050    2.302935    0.303664
    0.154568    0.459950    2.370873    0.769756
    0.157071    0.096777    2.362920    0.979355
    0.159574    0.537257    2.265031    0.721780
    0.162078    0.366939    2.353403    0.832123
    0.164581    0.320874    2.295760    0.861929
    0.167084    2.914516    2.311603    0.015676
    0.169587    1.481981    2.315617    0.203212
    0.172090    0.646737    2.357375    0.626063
    0.174593    0.569588    2.385397    0.684399
    0.177096    0.617918    2.481471    0.661309
    0.179599    3.407492    2.348466    0.010631
    0.182103    1.725297    2.486590    0.152136
    0.184606    1.370523    2.440461    0.263128
    0.187109    1.304069    2.357576    0.267218
    0.189612    0.896022    2.442980    0.476439
    0.192115    0.427660    2.392686    0.811391
    0.194618    0.079656    2.432008    0.985299
    0.197121    1.387145    2.370072    0.245401
    0.199624    1.080824    2.330960    0.382518
    0.202128    0.323755    2.396102    0.845771
    0.204631    1.052962    2.378621    0.367023
    0.207134    0.251179    2.274578    0.906106
    0.209637    0.436907    2.426140    0.764780
    0.212140    1.266309    2.331120    0.254281
    0.214643    0.234185    2.342298    0.922039
    0.217146    1.896954    2.363247    0.101777
    0.219649    0.110749    2.408591    0.982915
    0.222153    0.382380    2.494179    0.822437
    0.224656    0.882253    2.283111    0.477154
    0.227159    0.788371    2.388231    0.527040
    0.229662    0.911156    2.467667    0.437814
    0.232165    0.516386    2.326598    0.715576
    0.234668    1.171481    2.399004    0.319673
    0.237171    0.929065    2.386751    0.420138
    0.239674    0.810621    2.459210    0.520822
    0.242178    1.318126    2.305364    0.244223
    0.244681    1.302821    2.328166    0.263289
    0.247184    1.961589    2.432530    0.105450
    0.249687    0.721622    2.309421    0.577718
    0.252190    0.651604    2.407112    0.623052
    0.254693    0.826623    2.476779    0.486464
    0.257196    0.451710    2.328234    0.762940
    0.259700    0.889406    2.275213    0.472393
    0.262203    1.244570    2.447631    0.294027
    0.264706    0.358555    2.355199    0.850088
    0.267209    0.686396    2.305090    0.590821
    0.269712    0.363108    2.293635    0.843106
    0.272215    0.733653    2.362532    0.576430
    0.274719    1.223837    2.392649    0.294332
    0.277222    1.074448    2.305450    0.364838
    0.279725    0.983765    2.273680    0.408079
    0.282228    1.716386    2.296935    0.142415
    0.284731    0.409395    2.344769    0.816861
    0.287234    0.078328    2.542697    0.988802
    0.289737    0.602652    2.505901    0.664873
    0.292241    0.593144    2.396873    0.687379
    0.294744    0.447763    2.336399    0.781743
    0.297247    0.517034    2.372756    0.755747
    0.299750    0.753551    2.357460    0.572136
    0.302253    1.528193    2.342631    0.172990
    0.304756    0.982249    2.378855    0.414342
    0.307260    0.474046    2.285951    0.786518
    0.309763    0.052440    2.482181    0.997501
    0.312266    0.561424    2.312796    0.694419
    0.314769    0.540012    2.414446    0.680125
    0.317272    0.917460    2.258978    0.433118
    0.319775    0.619841    2.286736    0.643920
    0.322278    0.883901    2.183322    0.451960
    0.324782    0.797531    2.334886    0.532256
    0.327285    1.202445    2.326113    0.310506
    0.329788    1.155729    2.373482    0.327623
    0.332291    0.772934    2.339333    0.535488
    0.334794    0.407520    2.443863    0.810803
    0.337297    0.616876    2.360377    0.639901
    0.339801    0.976144    2.376171    0.426674
    0.342304    0.718221    2.312480    0.601805
    0.344807    0.113482    2.300560    0.973587
    0.347310    0.902960    2.548628    0.480896
    0.349813    0.235811    2.428489    0.915211
    0.352316    0.440671    2.308363    0.788804
    0.354820    0.135555    2.330328    0.981367
    0.357323    1.050871    2.410949    0.389653
    0.359826    1.447777    2.526385    0.220963
    0.362329    0.714412    2.345933    0.588357
    0.364832    1.072856    2.455741    0.370845
    0.367335    0.228032    2.375269    0.916857
    0.369838    0.500585    2.373977    0.723522
    0.372342    0.793314    2.337025    0.514454
    0.374845    0.687035    2.486042    0.598098
    0.377348    0.597902    2.298287    0.656177
    0.379851    0.430451    2.334486    0.793167
    0.382354    0.601046    2.368903    0.667829
    0.384857    0.224960    2.441617    0.930739
    0.387361    0.462480    2.392125    0.757600
    0.389864    0.607727    2.357718    0.652104
    0.392367    0.428173    2.395343    0.795758
    0.394870    0.259374    2.343923    0.883590
    0.397373    0.592784    2.343308    0.680521
    0.399876    0.033095    2.255995    0.999010
    0.402380    0.719752    2.340619    0.584895
    0.404883    1.645499    2.237411    0.153418
    0.407386    0.522664    2.260035    0.717948
    0.409889    1.640981    2.257348    0.151009
    0.412392    0.105092    2.267673    0.974850
    0.414895    0.450578    2.267009    0.770634
    0.417398    0.823252    2.377739    0.505101
    0.419902    1.212386    2.259223    0.283799
    0.422405    1.009075    2.218712    0.400020
    0.424908    0.488951    2.344839    0.744458
    0.427411    0.676612    2.393764    0.596726
    0.429914    0.602364    2.422750    0.675604
    0.432417    0.293521    2.332729    0.886807
    0.434921    0.229511    2.442540    0.942965
    0.437424    0.523323    2.463340    0.742802
    0.439927    0.146089    2.657331    0.974003
    0.442430    0.357588    2.588654    0.846862
    0.444933    1.007370    2.413632    0.415332
    0.447436    0.226717    2.512636    0.942046
    0.449939    0.350516    2.537356    0.860121
    0.452443    0.466128    2.461232    0.753498
    0.454946    0.468977    2.451751    0.787352
    0.457449    0.268599    2.395642    0.900821
    0.459952    0.639760    2.307921    0.639425
    0.462455    1.023370    2.300554    0.392444
    0.464958    2.023184    2.460793    0.100575
    0.467462    0.440938    2.289888    0.783921
    0.469965    0.788061    2.281926    0.521531
    0.472468    1.111569    2.274777    0.328154
    0.474971    0.679708    2.360618    0.604015
    0.477474    0.114980    2.328458    0.981740
    0.479977    0.863692    2.313695    0.461189
    0.482481    0.208348    2.346452    0.939736
    0.484984    0.087909    2.284178    0.988485
    0.487487    0.415691    2.401752    0.761656
    0.489990    0.614891    2.280986    0.636046
    0.492493    0.383778    2.312978    0.817357
    0.494996    0.222561    2.275738    0.924511
    0.497499    0.242337    2.477206    0.921324
