    0.001426    0.848275    2.395285    0.522691
    0.003327    0.341617    2.395629    0.849303
    0.005228    0.690298    2.431900    0.603148
    0.007129    0.191756    2.231866    0.938185
    0.009030    0.258492    2.373787    0.890083
    0.010932    0.581662    2.275075    0.692094
    0.012833    0.217427    2.379198    0.926128
    0.014734    0.333866    2.454089    0.851942
    0.016635    0.864041    2.353855    0.514191
    0.018536    1.698604    2.565433    0.167701
    0.020437    0.171937    2.446183    0.953752
    0.022338    0.159043    2.459225    0.970845
    0.024240    0.166084    2.513104    0.958025
    0.026141    0.761477    2.528031    0.583209
    0.028042    1.337709    2.468996    0.281649
    0.029943    1.534569    2.283877    0.195547
    0.031844    0.666436    2.312347    0.609979
    0.033745    0.121298    2.284286    0.984002
    0.035646    0.354750    2.318478    0.834347
    0.037548    0.378851    2.549035    0.818323
    0.039449    0.817835    2.214855    0.511878
    0.041350    1.825818    2.321997    0.120529
    0.043251    1.700571    2.291992    0.150209
    0.045152    0.224745    2.269511    0.923721
    0.047053    0.150197    2.271326    0.958716
    0.048954    0.455107    2.234071    0.759401
    0.050856    0.510321    2.262462    0.730825
    0.052757    1.606194    2.169749    0.130798
    0.054658    0.901533    2.097874    0.418384
    0.056559    1.589286    2.296790    0.152927
    0.058460    3.121155    2.253753    0.015501
    0.060361    0.153765    2.231490    0.967937
    0.062262    0.229783    2.218297    0.915532
    0.064164    1.069517    2.205708    0.323871
    0.066065    0.552239    2.218441    0.662984
    0.067966    1.789658    2.238621    0.112746
    0.069867    0.169355    2.304564    0.946758
    0.071768    0.332446    2.189718    0.846247
    0.073669    0.282749    2.329834    0.882124
    0.075570    1.015270    2.420435    0.399493
    0.077471    0.530377    2.430752    0.712216
    0.079373    1.566323    2.288728    0.186331
    0.081274    2.475839    2.380657    0.043334
    0.083175    0.841491    2.531495    0.523534
    0.085076    1.919403    2.653159    0.141503
    0.086977    0.635059    2.612676    0.658191
    0.088878    0.391750    2.628137    0.839375
    0.090779    2.883559    2.647360    0.034277
    0.092681    1.199892    2.467599    0.334377
    0.094582    1.081318    2.564144    0.409666
    0.096483    0.656449    2.406784    0.673122
    0.098384    1.246163    2.428489    0.265576
    0.100285    0.550611    2.401335    0.718517
    0.102186    1.792342    2.464762    0.152800
    0.104087    1.563566    2.402583    0.207012
    0.105989    0.968367    2.315988    0.427641
    0.107890    0.710622    2.371004    0.554135
    0.109791    0.586759    2.319371    0.653480
    0.111692    1.864477    2.239193    0.093780
    0.113593    1.774824    2.423915    0.124539
    0.115494    0.465190    2.249586    0.723369
    0.117395    1.648715    2.023204    0.118536
    0.119296    0.939987    2.351036    0.420540
    0.121198    0.135666    2.340761    0.964846
    0.123099    0.722071    2.342368    0.563685
    0.125000    0.704420    2.379454    0.578985
    0.126901    0.630977    2.410684    0.625194
    0.128802    1.041012    2.297712    0.378817
    0.130703    0.640678    2.363665    0.641445
    0.132604    0.951420    2.540468    0.453480
    0.134506    0.595475    2.392013    0.645648
    0.136407    1.095863    2.372212    0.359890
    0.138308    0.742804    2.596934    0.564427
    0.140209    0.427595    2.470402    0.782938
    0.142110    0.116165    2.324555    0.974271
    0.144011    1.543306    2.341958    0.181648
    0.145912    1.884503    2.374484    0.115745
    0.147814    0.414156    2.465381    0.774230
    0.149715    0.598798    2.247426    0.656271
    0.151616    1.117019    2.368483    0.319223
    0.153517    1.126155    2.235591    0.333318
    0.155418    1.804885    2.613806    0.140932
    0.157319    0.197212    2.408595    0.927335
    0.159221    0.818555    2.308439    0.511794
    0.161122    1.987782    2.244946    0.077715
    0.163023    1.853735    2.453676    0.120463
    0.164924    0.775524    2.261567    0.514165
    0.166825    2.812500    2.477896    0.020699
    0.168726    0.555180    2.305085    0.722273
    0.170627    0.357589    2.212853    0.850951
    0.172529    1.507386    2.394822    0.202527
    0.174430    0.844011    2.396623    0.495786
    0.176331    2.225183    2.552767    0.080968
    0.178232    0.353406    2.424886    0.838102
    0.180133    1.245878    2.290140    0.298127
    0.182034    0.760233    2.552771    0.558509
    0.183935    0.545588    2.415006    0.704365
    0.185837    1.323381    2.335562    0.259447
    0.187738    0.110523    2.267212    0.975640
    0.189639    2.399140    2.427125    0.054686
    0.191540    0.071413    2.415339    0.992907
    0.193441    1.004549    2.484662    0.393909
    0.195342    0.962253    2.248961    0.433544
    0.197244    1.743155    2.431958    0.138724
    0.199145    0.740591    2.330698    0.588241
    0.201046    1.102276    2.335485    0.353588
    0.202947    0.631815    2.356429    0.619057
    0.204848    1.013330    2.355461    0.403144
    0.206749    1.866989    2.190863    0.097354
    0.208650    0.936136    2.244433    0.445834
    0.210552    0.886864    2.399689    0.460406
    0.212453    0.474067    2.280983    0.745160
    0.214354    0.228346    2.334251    0.931652
    0.216255    1.711483    2.539700    0.146333
    0.218156    0.604993    2.444188    0.675256
    0.220057    0.880232    2.406697    0.473768
    0.221958    1.410161    2.490237    0.246236
    0.223860    0.635075    2.234490    0.637721
    0.225761    0.632702    2.304958    0.664492
    0.227662    1.278471    2.285614    0.262252
    0.229563    0.825067    2.458625    0.527478
    0.231464    0.864580    2.346324    0.500952
    0.233365    0.647081    2.494044    0.635954
    0.235267    1.607985    2.215184    0.168224
    0.237168    1.174001    2.330587    0.330354
    0.239069    1.538339    2.212137    0.194373
    0.240970    1.780572    2.357519    0.125699
    0.242871    0.872944    2.373773    0.498352
    0.244772    1.020255    2.354162    0.412365
    0.246673    1.278874    2.427332    0.307344
    0.248575    0.108602    2.168326    0.983205
    0.250476    1.203327    2.286857    0.295163
    0.252377    0.108771    2.291711    0.982600
    0.254278    1.714815    2.467017    0.143873
    0.256179    0.061376    2.372957    0.989158
    0.258080    0.418620    2.385411    0.783349
    0.259981    0.040472    2.412053    0.998891
    0.261883    1.401858    2.542261    0.234686
    0.263784    0.645246    2.448654    0.626110
    0.265685    0.477057    2.128664    0.737993
    0.267586    2.389184    2.350956    0.046918
    0.269487    2.417647    2.188149    0.035879
    0.271388    0.671709    2.382482    0.622406
    0.273290    1.900183    2.457988    0.109945
    0.275191    1.171101    2.340298    0.307471
    0.277092    0.645793    2.368753    0.630834
    0.278993    0.937421    2.308331    0.421841
    0.280894    0.594885    2.273342    0.666064
    0.282795    0.958483    2.233678    0.404669
    0.284696    1.711796    2.581015    0.156850
    0.286598    0.418686    2.525009    0.797759
    0.288499    1.081011    2.521318    0.363526
    0.290400    1.786528    2.388748    0.129017
    0.292301    1.473989    2.410073    0.214209
    0.294202    0.459379    2.346321    0.750953
    0.296103    1.374919    2.349803    0.249575
    0.298004    0.575501    2.328490    0.678368
    0.299906    0.835212    2.448023    0.508545
    0.301807    0.300380    2.247972    0.877747
    0.303708    1.038431    2.302704    0.382076
    0.305609    1.186302    2.265631    0.321778
    0.307510    0.435843    2.453205    0.787078
    0.309411    2.139660    2.435237    0.076557
    0.311313    0.286814    2.344697    0.885113
    0.313214    0.706591    2.434186    0.592100
    0.315115    1.160912    2.333816    0.318572
    0.317016    2.326355    2.215077    0.042687
    0.318917    2.570829    2.257120    0.026526
    0.320818    0.861115    2.360261    0.469096
    0.322719    1.441987    2.324612    0.212613
    0.324621    1.874154    2.434181    0.121939
    0.326522    0.297213    2.282923    0.851019
    0.328423    0.375716    2.193544    0.833786
    0.330324    2.193030    2.353853    0.063570
    0.332225    0.249723    2.380598    0.907049
    0.334126    0.926986    2.398636    0.463917
    0.336027    0.764924    2.484519    0.554567
    0.337929    2.236526    2.281631    0.052919
    0.339830    2.149189    2.395363    0.075402
    0.341731    0.219555    2.354642    0.938145
    0.343632    0.141366    2.321486    0.965998
    0.345533    0.593372    2.295323    0.679302
    0.347434    0.181359    2.530987    0.940917
    0.349336    0.980161    2.470055    0.424619
    0.351237    0.584276    2.451437    0.664007
    0.353138    1.178534    2.514758    0.328455
    0.355039    0.639198    2.375485    0.641118
    0.356940    0.545358    2.380590    0.694465
    0.358841    0.501486    2.293969    0.753072
    0.360742    0.784262    2.380681    0.527846
    0.362644    2.146220    2.490286    0.082858
    0.364545    1.501629    2.526522    0.208843
    0.366446    0.055205    2.381057    0.990736
    0.368347    0.747787    2.315253    0.554223
    0.370248    0.212183    2.270383    0.924672
    0.372149    2.084900    2.230561    0.069052
    0.374050    1.602072    2.269456    0.166911
    0.375952    2.175349    2.349314    0.073824
    0.377853    1.051701    2.307312    0.366902
    0.379754    0.769323    2.450644    0.533125
    0.381655    0.892648    2.406690    0.505321
    0.383556    1.440539    2.259057    0.218838
    0.385457    1.166165    2.406690    0.308022
    0.387359    0.411478    2.365827    0.800649
    0.389260    0.591944    2.396183    0.657717
    0.391161    0.886649    2.500953    0.476258
    0.393062    0.196242    2.365432    0.945829
    0.394963    2.966584    2.228454    0.015669
    0.396864    0.321745    2.267958    0.857859
    0.398765    1.318537    2.340248    0.271859
    0.400667    0.752041    2.290949    0.552512
    0.402568    0.923339    2.271168    0.456956
    0.404469    1.495950    2.302679    0.186235
    0.406370    0.656714    2.393421    0.615794
    0.408271    0.099492    2.182449    0.981105
    0.410172    1.695077    2.260841    0.125100
    0.412073    0.374534    2.353795    0.836660
    0.413975    2.419454    2.299210    0.037491
    0.415876    1.799418    2.291035    0.111712
    0.417777    1.708204    2.193001    0.141406
    0.419678    1.334296    2.252561    0.248123
    0.421579    0.722010    2.445808    0.566713
    0.423480    0.927766    2.396721    0.427405
    0.425382    0.959424    2.364102    0.405961
    0.427283    0.720330    2.413252    0.576142
    0.429184    1.347269    2.403901    0.270843
    0.431085    1.099325    2.461698    0.382867
    0.432986    1.875671    2.403015    0.127428
    0.434887    0.608673    2.508525    0.674714
    0.436788    1.052977    2.494160    0.413104
    0.438690    0.234300    2.400156    0.934819
    0.440591    0.187181    2.433112    0.955947
    0.442492    1.598492    2.502663    0.197576
    0.444393    0.417564    2.429271    0.817122
    0.446294    1.480301    2.385998    0.231952
    0.448195    0.897057    2.557885    0.499364
    0.450096    0.584188    2.564646    0.691811
    0.451998    0.354213    2.456715    0.841674
    0.453899    0.413902    2.519432    0.810871
    0.455800    2.271485    2.521584    0.075360
    0.457701    1.512313    2.473724    0.211729
    0.459602    0.135336    2.227096    0.969824
    0.461503    2.058924    2.303356    0.078541
    0.463405    1.411341    2.452609    0.233278
    0.465306    0.797120    2.388569    0.505154
    0.467207    0.949767    2.368702    0.457435
    0.469108    0.763155    2.230114    0.525154
    0.471009    1.477003    2.323817    0.201544
    0.472910    0.186720    2.227837    0.947460
    0.474811    0.629492    2.297712    0.639351
    0.476713    1.000971    2.317026    0.413934
    0.478614    1.645911    2.353800    0.136596
    0.480515    0.446487    2.267054    0.753894
    0.482416    2.218242    2.432596    0.077679
    0.484317    0.448199    2.356954    0.760746
    0.486218    0.575583    2.479024    0.669889
    0.488119    1.415538    2.249579    0.203502
    0.490021    1.138155    2.257117    0.314627
    0.491922    1.330769    2.380319    0.257940
    0.493823    0.419037    2.303174    0.779911
    0.495724    1.808798    2.440174    0.124972
    0.497625    0.676069    2.403140    0.603570
