    0.008242    0.295754    2.295371    0.885369
    0.019231    0.173249    2.433366    0.956124
    0.030220    0.039129    2.374826    0.997125
    0.041209    1.045711    2.312840    0.378613
    0.052198    1.208786    2.227448    0.277754
    0.063187    0.665396    2.257020    0.595883
    0.074176    1.050447    2.273113    0.371205
    0.085165    1.292610    2.454340    0.300157
    0.096154    0.546942    2.442398    0.717960
    0.107143    0.250041    2.378109    0.911585
    0.118132    0.295663    2.229456    0.874865
    0.129121    1.875580    2.353730    0.113442
    0.140110    0.494168    2.349971    0.747509
    0.151099    1.105667    2.357609    0.339976
    0.162088    1.866881    2.387187    0.114659
    0.173077    0.219147    2.353181    0.932144
    0.184066    1.138041    2.392761    0.343274
    0.195055    0.804878    2.384173    0.523464
    0.206044    0.582267    2.296207    0.671358
    0.217033    0.660291    2.390747    0.611460
    0.228022    0.614565    2.380893    0.654835
    0.239011    1.163191    2.326186    0.332716
    0.250000    0.171602    2.380571    0.954392
    0.260989    1.964492    2.274034    0.092410
    0.271978    0.957448    2.350318    0.436020
    0.282967    1.870799    2.378223    0.110847
    0.293956    1.302598    2.348077    0.274033
    0.304945    0.745334    2.334158    0.570219
    0.315934    1.339639    2.309006    0.252699
    0.326923    0.589843    2.305761    0.672130
    0.337912    2.457021    2.332487    0.041342
    0.348901    0.839844    2.426528    0.514060
    0.359890    0.491753    2.371218    0.751916
    0.370879    0.745039    2.343771    0.563141
    0.381868    0.700418    2.330473    0.602365
    0.392857    2.086222    2.371367    0.077691
    0.403846    1.100840    2.303020    0.344452
    0.414835    1.528303    2.275873    0.192754
    0.425824    0.765108    2.410125    0.549686
    0.436813    0.968248    2.432061    0.451433
    0.447802    1.707070    2.379497    0.160895
    0.458791    2.021972    2.400304    0.096881
    0.469780    0.601055    2.272423    0.654367
    0.480769    0.514938    2.250977    0.720076
    0.491758    1.911202    2.400671    0.105639
