cc.rwl
 1722     .9410
 1723     .9160
 1724     .9960
 1725     .8910
 1726     .5850
 1727     .7500
 1728     .9200
 1729     .6340
 1730     .4690
 1731     .4640
 1732     .5930
 1733     .5500
 1734     .4460
 1735     .6610
 1736    1.0160
 1737     .9700
 1738     .8070
 1739     .9760
 1740     .8380
 1741     .7800
 1742     .8790
 1743     .8510
 1744     .4700
 1745    1.0900
 1746    1.0140
 1747     .9410
 1748     .7740
 1749     .8290
 1750     .8880
 1751     .9770
 1752    1.6640
 1753    1.9380
 1754    2.4500
 1755    1.7290
 1756    2.3620
 1757    2.5760
 1758    1.4010
 1759    1.6720
 1760    2.1410
 1761    1.7430
 1762    2.0620
 1763    2.0390
 1764    2.1110
 1765    1.3550
 1766    2.2600
 1767    1.4090
 1768    1.6360
 1769    1.2840
 1770    1.2770
 1771    1.4640
 1772     .9370
 1773     .9700
 1774     .5380
 1775     .2910
 1776     .8350
 1777    1.0070
 1778     .8300
 1779    1.0960
 1780    1.1530
 1781    1.1800
 1782     .9200
 1783    1.1060
 1784    1.0160
 1785     .8480
 1786    1.0590
 1787     .9890
 1788    1.0250
 1789     .9100
 1790     .8320
 1791     .8700
 1792    1.2550
 1793    1.2820
 1794    1.3270
 1795     .9660
 1796     .6360
 1797     .6540
 1798     .7380
 1799     .6200
 1800     .8800
 1801     .6760
 1802    1.1380
 1803     .9030
 1804     .7590
 1805     .6590
 1806     .5850
 1807     .7540
 1808     .7790
 1809     .9150
 1810     .8180
 1811     .8780
 1812     .4970
 1813     .5730
 1814     .9120
 1815     .8130
 1816     .4880
 1817     .6990
 1818     .5090
 1819     .4640
 1820     .6410
 1821     .5430
 1822     .5600
 1823     .4150
 1824     .6460
 1825     .6780
 1826     .5890
 1827     .6500
 1828     .6740
 1829     .4750
 1830     .6900
 1831     .5870
 1832     .8070
 1833     .7280
 1834     .7170
 1835     .9290
 1836     .9790
 1837     .8040
 1838     .5870
 1839     .4960
 1840     .7780
 1841     .6320
 1842    1.0060
 1843     .9190
 1844     .9060
 1845     .6290
 1846     .6790
 1847     .8160
 1848     .6680
 1849     .6840
 1850     .6880
 1851     .8820
 1852    1.0550
 1853     .7400
 1854    1.0060
 1855    1.3120
 1856     .7700
 1857     .7640
 1858     .7980
 1859     .7650
 1860     .9550
 1861     .9850
 1862    1.0780
 1863     .9570
 1864     .9180
 1865     .9520
 1866     .8780
 1867     .7960
 1868     .8750
 1869     .8850
 1870    1.0480
 1871     .8320
 1872    1.2090
 1873     .9270
 1874     .8240
 1875    1.3310
 1876    1.0910
 1877     .9120
 1878    1.2670
 1879    1.0240
 1880     .9400
 1881    1.0060
 1882    1.0340
 1883    1.0320
 1884    1.1610
 1885    1.0590
 1886    1.2490
 1887    1.0980
 1888    1.1100
 1889    1.5390
 1890    1.0570
 1891    1.2540
 1892    1.2670
 1893    1.0530
 1894     .8450
 1895     .8970
 1896    1.1020
 1897     .9850
 1898    1.0310
 1899    1.0830
 1900     .9960
 1901     .9920
 1902    1.1480
 1903    1.2160
 1904    1.1470
 1905    1.0990
 1906     .9840
 1907    1.2450
 1908    1.1900
 1909    1.3080
 1910    1.2680
 1911     .8620
 1912    1.0730
 1913    1.0270
 1914     .7200
 1915    1.3440
 1916    1.2450
 1917    1.0650
 1918    1.0160
 1919    1.1600
 1920    1.2410
 1921    1.1580
 1922    1.2830
 1923    1.0940
 1924    1.2930
 1925     .8340
 1926     .9300
 1927    1.2750
 1928    1.3250
 1929    1.0260
 1930     .8420
 1931    1.0480
 1932    1.0360
 1933     .8700
 1934    1.0070
 1935    1.2140
 1936    1.1260
 1937    1.3680
 1938    1.3470
 1939    1.1060
 1940    1.3330
 1941    1.4020
 1942    1.3280
 1943    1.2430
 1944    1.0780
 1945    1.3090
 1946    1.4510
 1947    1.2770
 1948    1.4080
 1949    1.6970
 1950    1.8230
 1951    1.9190
 1952    1.5530
 1953    1.7710
 1954    1.3040
 1955    1.3840
 1956    1.4520
 1957    1.5330
 1958    1.7620
 1959    1.2750
 1960    1.2030
 1961    1.4620
 1962    1.3850
 1963    1.2140
 1964    1.1510
 1965    1.3390
 1966     .9800
 1967    1.4890
 1968    1.3210
 1969    1.3550
 1970    1.3510
 1971    1.4960
 1972    1.7350
 1973    1.6010
 1974    1.5050
 1975    1.5450
 1976    1.7340
 1977    1.6200
 1978    1.3290
 1979    1.3700
 1980    1.6040
 1981    1.2410
 1982    1.1630
 1983    1.2070
 1984    1.0780
 1985    1.2380
 1986    1.1180
 1987     .8950
 1988    1.1120
 1989    1.4300
 1990    1.0930
 1991    1.0510
 1992    1.0130
 1993    1.4100
 1994    1.2950
 1995    1.3160
 1996    1.2710
 1997     .9130
 1998    1.1600
 1999    1.0470
 2000    1.2800
 2001    1.1060
cc.rwl
 1722    1.1350
 1723    1.1230
 1724    1.2420
 1725    1.1290
 1726     .7540
 1727     .9820
 1728    1.2250
 1729     .8580
 1730     .6440
 1731     .6470
 1732     .8380
 1733     .7870
 1734     .6470
 1735     .9700
 1736    1.5080
 1737    1.3160
 1738    1.0190
 1739    1.2450
 1740    1.0450
 1741     .9270
 1742    1.0290
 1743     .8650
 1744     .5520
 1745    1.1980
 1746     .9380
 1747     .7990
 1748     .6520
 1749     .7370
 1750     .7010
 1751     .6830
 1752     .7560
 1753     .9780
 1754    1.1120
 1755     .7910
 1756    1.1120
 1757    1.1990
 1758     .7100
 1759     .9590
 1760    1.4870
 1761    1.1320
 1762    1.1420
 1763    1.1280
 1764    1.3210
 1765     .9950
 1766    1.2720
 1767     .7910
 1768    1.1700
 1769     .7710
 1770    1.0580
 1771    1.0850
 1772     .8120
 1773     .8360
 1774     .4230
 1775     .3160
 1776     .8220
 1777     .9640
 1778     .8390
 1779    1.1310
 1780    1.1920
 1781    1.2120
 1782     .7390
 1783     .9740
 1784     .8920
 1785     .7570
 1786    1.1190
 1787    1.0990
 1788    1.1650
 1789    1.0180
 1790     .8760
 1791     .9550
 1792    1.2750
 1793    1.5210
 1794    1.3240
 1795     .9580
 1796     .8960
 1797     .7250
 1798     .8710
 1799     .7040
 1800    1.0190
 1801     .8190
 1802    1.3740
 1803     .9860
 1804    1.0290
 1805     .8590
 1806     .6820
 1807     .9850
 1808     .9840
 1809    1.1660
 1810    1.2030
 1811    1.2100
 1812     .9160
 1813     .9030
 1814    1.3430
 1815    1.2800
 1816     .7510
 1817     .9870
 1818     .8010
 1819     .6540
 1820     .9670
 1821     .8140
 1822     .8310
 1823     .6120
 1824     .9180
 1825    1.0110
 1826     .8650
 1827     .8670
 1828     .9570
 1829     .7080
 1830    1.1060
 1831     .9760
 1832    1.1650
 1833     .9440
 1834    1.0010
 1835    1.3050
 1836    1.3500
 1837    1.1260
 1838     .8200
 1839     .7090
 1840    1.0000
 1841     .8240
 1842    1.2150
 1843    1.1320
 1844    1.0740
 1845     .7600
 1846     .8190
 1847     .9830
 1848     .8110
 1849     .8420
 1850     .7930
 1851     .9950
 1852    1.2230
 1853     .8760
 1854    1.1400
 1855    1.6050
 1856     .9980
 1857     .8830
 1858     .9300
 1859     .8650
 1860     .9970
 1861    1.0390
 1862    1.0320
 1863    1.1400
 1864     .9080
 1865    1.0030
 1866     .9430
 1867     .8210
 1868     .9130
 1869     .9020
 1870     .9710
 1871     .8080
 1872    1.1700
 1873     .9110
 1874     .7910
 1875    1.2570
 1876    1.0320
 1877     .8710
 1878    1.2010
 1879     .9280
 1880     .8790
 1881     .9260
 1882     .9640
 1883     .9550
 1884    1.0250
 1885     .9350
 1886    1.1110
 1887     .9800
 1888    1.0050
 1889    1.3770
 1890     .9940
 1891    1.1100
 1892    1.1100
 1893     .9300
 1894     .7810
 1895     .8160
 1896     .9940
 1897     .8810
 1898     .9290
 1899     .9960
 1900     .9160
 1901     .8920
 1902    1.0390
 1903    1.0930
 1904    1.0640
 1905    1.0190
 1906     .9290
 1907    1.1450
 1908    1.0810
 1909    1.1860
 1910    1.1830
 1911     .7800
 1912     .9700
 1913     .9410
 1914     .6600
 1915    1.2460
 1916    1.1160
 1917     .9510
 1918     .8960
 1919    1.0000
 1920    1.1110
 1921    1.0300
 1922    1.1240
 1923     .9690
 1924    1.1450
 1925     .7390
 1926     .8440
 1927    1.1240
 1928    1.1360
 1929     .9050
 1930     .7320
 1931     .8990
 1932     .8930
 1933     .7410
 1934     .8540
 1935    1.0220
 1936     .9200
 1937    1.1060
 1938    1.1100
 1939     .9010
 1940    1.0610
 1941    1.0710
 1942    1.0210
 1943     .9590
 1944     .7840
 1945     .9360
 1946    1.0270
 1947     .9350
 1948    1.0260
 1949    1.1840
 1950    1.2570
 1951    1.3130
 1952    1.0680
 1953    1.1980
 1954     .8820
 1955     .9480
 1956     .9900
 1957    1.0390
 1958    1.2010
 1959     .8730
 1960     .8710
 1961    1.0180
 1962     .9520
 1963     .8350
 1964     .7890
 1965     .9330
 1966     .6910
 1967    1.0190
 1968     .9070
 1969     .9470
 1970     .9260
 1971    1.0320
 1972    1.2080
 1973    1.1540
 1974    1.0910
 1975    1.0880
 1976    1.1900
 1977    1.1660
 1978     .9750
 1979    1.0520
 1980    1.2080
 1981     .9310
 1982     .9850
 1983     .9560
 1984     .8340
 1985     .9790
 1986     .8680
 1987     .7080
 1988     .8790
 1989    1.1380
 1990     .9050
 1991     .8100
 1992     .8590
 1993    1.1480
 1994    1.1050
 1995    1.1040
 1996    1.1050
 1997     .8100
 1998    1.0180
 1999     .9010
 2000    1.0930
 2001    1.0400
cc.rwl
 1722    1.1230
 1723    1.0800
 1724    1.2020
 1725    1.0490
 1726     .7120
 1727    1.0710
 1728    1.2350
 1729     .7830
 1730     .6960
 1731     .7730
 1732     .9640
 1733     .8480
 1734     .7240
 1735    1.0960
 1736    1.5220
 1737    1.1950
 1738     .8930
 1739    1.2340
 1740     .9650
 1741     .9280
 1742    1.0730
 1743     .8740
 1744     .6110
 1745    1.3930
 1746     .8870
 1747     .8320
 1748     .7360
 1749     .8810
 1750     .8180
 1751     .8090
 1752     .8730
 1753     .9240
 1754    1.0820
 1755     .7030
 1756    1.1520
 1757    1.0580
 1758     .6600
 1759    1.0970
 1760    1.5070
 1761     .9080
 1762    1.0960
 1763    1.1610
 1764    1.2110
 1765     .8890
 1766    1.3080
 1767     .7320
 1768    1.2450
 1769     .8190
 1770    1.0850
 1771    1.0970
 1772     .7960
 1773     .8670
 1774     .5970
 1775     .6300
 1776     .8840
 1777     .9840
 1778     .8940
 1779    1.1720
 1780    1.1430
 1781    1.1190
 1782     .7230
 1783    1.0480
 1784     .9060
 1785     .8320
 1786    1.2020
 1787    1.0500
 1788    1.1130
 1789     .9570
 1790     .8700
 1791    1.0180
 1792    1.2650
 1793    1.4550
 1794    1.1570
 1795     .8310
 1796     .9120
 1797     .7030
 1798     .8950
 1799     .7590
 1800    1.1240
 1801     .8490
 1802    1.4260
 1803     .8650
 1804     .9450
 1805     .8460
 1806     .7550
 1807    1.0410
 1808     .9910
 1809    1.1860
 1810    1.1710
 1811    1.1660
 1812     .8300
 1813     .9260
 1814    1.3600
 1815    1.1480
 1816     .6550
 1817    1.0840
 1818     .8050
 1819     .7770
 1820    1.0530
 1821     .8390
 1822     .8690
 1823     .6680
 1824    1.0260
 1825    1.0240
 1826     .8920
 1827     .9090
 1828    1.0120
 1829     .7080
 1830    1.1830
 1831     .9590
 1832    1.1670
 1833     .9140
 1834    1.0060
 1835    1.3130
 1836    1.2850
 1837    1.0210
 1838     .7940
 1839     .7520
 1840    1.0950
 1841     .8220
 1842    1.2540
 1843    1.0840
 1844    1.0540
 1845     .7510
 1846     .8900
 1847    1.0280
 1848     .8180
 1849     .8770
 1850     .8410
 1851    1.0760
 1852    1.2180
 1853     .8020
 1854    1.1810
 1855    1.5550
 1856     .8050
 1857     .8840
 1858     .9640
 1859     .8900
 1860    1.0430
 1861    1.0350
 1862    1.0000
 1863    1.1240
 1864     .8660
 1865    1.0330
 1866     .9490
 1867     .8450
 1868     .9720
 1869     .9370
 1870    1.0070
 1871     .8320
 1872    1.2310
 1873     .8750
 1874     .8030
 1875    1.3320
 1876     .9560
 1877     .8680
 1878    1.2400
 1879     .8670
 1880     .9100
 1881     .9580
 1882     .9950
 1883     .9660
 1884    1.0430
 1885     .9310
 1886    1.1300
 1887     .9450
 1888    1.0150
 1889    1.3680
 1890     .8770
 1891    1.1290
 1892    1.0600
 1893     .9040
 1894     .7920
 1895     .8940
 1896    1.0490
 1897     .8930
 1898     .9710
 1899    1.0270
 1900     .9220
 1901     .9190
 1902    1.0790
 1903    1.0760
 1904    1.0350
 1905    1.0000
 1906     .9160
 1907    1.1720
 1908    1.0470
 1909    1.1440
 1910    1.1260
 1911     .7340
 1912    1.0420
 1913     .9600
 1914     .6790
 1915    1.3510
 1916    1.0510
 1917     .9390
 1918     .9030
 1919    1.0330
 1920    1.1130
 1921     .9990
 1922    1.1210
 1923     .9280
 1924    1.1670
 1925     .7070
 1926     .9290
 1927    1.1630
 1928    1.1150
 1929     .8660
 1930     .7600
 1931     .9830
 1932     .9320
 1933     .7840
 1934     .9330
 1935    1.0640
 1936     .9210
 1937    1.1310
 1938    1.0900
 1939     .8810
 1940    1.0830
 1941    1.0610
 1942    1.0040
 1943     .9500
 1944     .8100
 1945    1.0000
 1946    1.0380
 1947     .9290
 1948    1.0480
 1949    1.1570
 1950    1.1950
 1951    1.2330
 1952     .9730
 1953    1.1820
 1954     .8270
 1955     .9780
 1956    1.0120
 1957    1.0410
 1958    1.1960
 1959     .8200
 1960     .9180
 1961    1.0620
 1962     .9590
 1963     .8590
 1964     .8520
 1965     .9980
 1966     .7160
 1967    1.1190
 1968     .9030
 1969     .9780
 1970     .9670
 1971    1.0460
 1972    1.2100
 1973    1.0910
 1974    1.0600
 1975    1.0620
 1976    1.1570
 1977    1.1010
 1978     .9260
 1979    1.0620
 1980    1.1810
 1981     .8720
 1982     .9910
 1983     .9740
 1984     .8500
 1985    1.0410
 1986     .8770
 1987     .7570
 1988     .9710
 1989    1.1830
 1990     .8680
 1991     .8740
 1992     .9120
 1993    1.2010
 1994    1.0530
 1995    1.0670
 1996    1.0810
 1997     .7720
 1998    1.0780
 1999     .8740
 2000    1.1120
 2001    1.0180
cc.rwl
 1722    1.1310
 1723    1.1140
 1724    1.2320
 1725    1.1070
 1726     .7400
 1727    1.0110
 1728    1.2400
 1729     .8440
 1730     .6610
 1731     .6940
 1732     .8930
 1733     .8240
 1734     .6840
 1735    1.0220
 1736    1.5300
 1737    1.3250
 1738     .9740
 1739    1.2300
 1740    1.0230
 1741     .9360
 1742    1.0600
 1743     .8910
 1744     .5870
 1745    1.2960
 1746     .9610
 1747     .8250
 1748     .6960
 1749     .8100
 1750     .7750
 1751     .7570
 1752     .8170
 1753     .8820
 1754    1.0560
 1755     .7190
 1756    1.0860
 1757    1.0810
 1758     .6820
 1759    1.0230
 1760    1.5140
 1761    1.0340
 1762    1.1070
 1763    1.1890
 1764    1.2590
 1765     .9540
 1766    1.3000
 1767     .8060
 1768    1.2010
 1769     .8700
 1770    1.0560
 1771    1.1130
 1772     .8250
 1773     .8270
 1774     .5570
 1775     .5250
 1776     .7720
 1777     .9310
 1778     .8790
 1779    1.1450
 1780    1.1810
 1781    1.1650
 1782     .7650
 1783     .9940
 1784     .9070
 1785     .8120
 1786    1.1590
 1787    1.0910
 1788    1.1370
 1789     .9920
 1790     .8710
 1791     .9890
 1792    1.2650
 1793    1.5210
 1794    1.2850
 1795     .9020
 1796     .8910
 1797     .6790
 1798     .8200
 1799     .7180
 1800    1.0580
 1801     .8650
 1802    1.3960
 1803     .9620
 1804     .9390
 1805     .8340
 1806     .7180
 1807     .9750
 1808     .9880
 1809    1.1860
 1810    1.2180
 1811    1.2210
 1812     .8850
 1813     .9010
 1814    1.3380
 1815    1.2320
 1816     .7130
 1817    1.0170
 1818     .8110
 1819     .7340
 1820     .9920
 1821     .8400
 1822     .8330
 1823     .6310
 1824     .9400
 1825    1.0120
 1826     .8970
 1827     .8870
 1828     .9870
 1829     .7070
 1830    1.1140
 1831     .9890
 1832    1.1670
 1833     .9570
 1834     .9990
 1835    1.3150
 1836    1.3630
 1837    1.1110
 1838     .8230
 1839     .7120
 1840    1.0280
 1841     .8310
 1842    1.2160
 1843    1.1380
 1844    1.0900
 1845     .7750
 1846     .8380
 1847     .9920
 1848     .8180
 1849     .8360
 1850     .8040
 1851    1.0310
 1852    1.2280
 1853     .8600
 1854    1.1490
 1855    1.5930
 1856     .9500
 1857     .8750
 1858     .9360
 1859     .8770
 1860    1.0150
 1861    1.0410
 1862    1.0120
 1863    1.1300
 1864     .9000
 1865    1.0120
 1866     .9540
 1867     .8370
 1868     .9350
 1869     .9230
 1870     .9910
 1871     .8320
 1872    1.1930
 1873     .9240
 1874     .7870
 1875    1.2830
 1876    1.0260
 1877     .8760
 1878    1.2120
 1879     .9210
 1880     .8930
 1881     .9350
 1882     .9820
 1883     .9640
 1884    1.0360
 1885     .9420
 1886    1.1180
 1887     .9760
 1888    1.0120
 1889    1.3740
 1890     .9700
 1891    1.1240
 1892    1.0920
 1893     .9290
 1894     .7780
 1895     .8430
 1896    1.0140
 1897     .8990
 1898     .9490
 1899    1.0170
 1900     .9280
 1901     .9040
 1902    1.0580
 1903    1.0920
 1904    1.0600
 1905    1.0170
 1906     .9230
 1907    1.1560
 1908    1.0870
 1909    1.1680
 1910    1.1690
 1911     .7770
 1912     .9910
 1913     .9600
 1914     .6720
 1915    1.2740
 1916    1.1200
 1917     .9710
 1918     .8980
 1919    1.0110
 1920    1.1180
 1921    1.0300
 1922    1.1310
 1923     .9620
 1924    1.1600
 1925     .7480
 1926     .8710
 1927    1.1340
 1928    1.1500
 1929     .9040
 1930     .7390
 1931     .9230
 1932     .9160
 1933     .7660
 1934     .8790
 1935    1.0380
 1936     .9330
 1937    1.1170
 1938    1.1210
 1939     .9120
 1940    1.0640
 1941    1.0780
 1942    1.0260
 1943     .9590
 1944     .8020
 1945     .9550
 1946    1.0290
 1947     .9380
 1948    1.0360
 1949    1.1680
 1950    1.2380
 1951    1.2930
 1952    1.0460
 1953    1.1950
 1954     .8770
 1955     .9510
 1956    1.0020
 1957    1.0440
 1958    1.2090
 1959     .8730
 1960     .8900
 1961    1.0380
 1962     .9700
 1963     .8540
 1964     .8190
 1965     .9570
 1966     .7080
 1967    1.0510
 1968     .9180
 1969     .9610
 1970     .9600
 1971    1.0380
 1972    1.2210
 1973    1.1470
 1974    1.0970
 1975    1.0880
 1976    1.1800
 1977    1.1470
 1978     .9640
 1979    1.0550
 1980    1.1970
 1981     .9220
 1982     .9750
 1983     .9700
 1984     .8460
 1985    1.0070
 1986     .8810
 1987     .7300
 1988     .9080
 1989    1.1640
 1990     .9090
 1991     .8550
 1992     .8800
 1993    1.1740
 1994    1.0970
 1995    1.0930
 1996    1.1060
 1997     .8000
 1998    1.0320
 1999     .8840
 2000    1.0870
 2001    1.0420
