    1750  1.3912
    1751  1.2588
    1752  1.0535
    1753  1.1146
    1754  0.6956
    1755  1.3876
    1756  1.2634
    1757  1.2109
    1758  1.1696
    1759  0.8370
    1760  0.5966
    1761  0.6739
    1762  0.6658
    1763  0.9661
    1764  0.7312
    1765  1.0782
    1766  0.6891
    1767  0.7969
    1768  1.0565
    1769  0.9913
    1770  0.6813
    1771  1.2099
    1772  0.7772
    1773  0.7660
    1774  0.4152
    1775  0.6078
    1776  1.3422
    1777  1.2294
    1778  1.0201
    1779  1.6325
    1780  1.2737
    1781  0.9725
    1782  1.1254
    1783  1.0606
    1784  0.7429
    1785  1.0335
    1786  1.3800
    1787  0.9254
    1788  1.1587
    1789  0.8207
    1790  0.9506
    1791  0.9519
    1792  0.7498
    1793  1.0801
    1794  1.1225
    1795  1.1549
    1796  1.3434
    1797  1.2976
    1798  1.1746
    1799  0.8640
    1800  0.9637
    1801  0.7646
    1802  1.1410
    1803  1.1139
    1804  0.8422
    1805  1.0814
    1806  0.9972
    1807  0.9013
    1808  0.8575
    1809  0.8500
    1810  0.9773
    1811  0.8722
    1812  0.8001
    1813  0.8850
    1814  1.1152
    1815  1.0378
    1816  0.9855
    1817  1.0967
    1818  0.9703
    1819  0.8529
    1820  1.1446
    1821  0.6746
    1822  0.9285
    1823  1.0741
    1824  1.1826
    1825  1.0323
    1826  0.8281
    1827  1.0337
    1828  1.0538
    1829  0.9732
    1830  1.0300
    1831  1.0303
    1832  1.0294
    1833  1.1795
    1834  1.0837
    1835  1.0699
    1836  0.9919
    1837  0.9155
    1838  0.7791
    1839  0.8320
    1840  1.1483
    1841  0.9834
    1842  1.0417
    1843  1.0827
    1844  0.9740
    1845  0.9623
    1846  0.9665
    1847  1.0656
    1848  1.0396
    1849  1.1785
    1850  0.8183
    1851  0.8629
    1852  1.1602
    1853  0.8823
    1854  0.8250
    1855  0.8390
    1856  0.9506
    1857  1.0430
    1858  1.1149
    1859  0.9589
    1860  1.1322
    1861  1.0597
    1862  0.9935
    1863  1.0040
    1864  1.0835
    1865  0.9983
    1866  0.9394
    1867  0.9363
    1868  0.8252
    1869  0.9015
    1870  0.8978
    1871  0.9361
    1872  0.7408
    1873  0.9286
    1874  0.7130
    1875  1.1070
    1876  1.1556
    1877  1.0616
    1878  1.0818
    1879  0.7789
    1880  0.9446
    1881  1.0919
    1882  1.2495
    1883  1.1058
    1884  1.1918
    1885  0.9568
    1886  1.0973
    1887  0.9686
    1888  1.0814
    1889  1.1658
    1890  0.9246
    1891  1.0143
    1892  1.2029
    1893  1.1065
    1894  0.8651
    1895  0.9405
    1896  1.0748
    1897  1.0854
    1898  0.8533
    1899  0.9339
    1900  0.8218
    1901  0.8394
    1902  0.9802
    1903  0.9873
    1904  0.8941
    1905  0.9626
    1906  0.8695
    1907  0.9644
    1908  0.9856
    1909  1.0394
    1910  0.9857
    1911  0.6919
    1912  1.0178
    1913  0.9073
    1914  0.7325
    1915  1.0082
    1916  1.0448
    1917  1.0382
    1918  1.0697
    1919  1.0699
    1920  0.9845
    1921  0.8120
    1922  1.1235
    1923  1.0831
    1924  1.0998
    1925  0.8627
    1926  1.0175
    1927  1.1607
    1928  1.2248
    1929  1.1451
    1930  0.9606
    1931  0.8368
    1932  0.9700
    1933  0.8016
    1934  0.9196
    1935  0.9433
    1936  0.7396
    1937  1.0387
    1938  1.1642
    1939  1.0398
    1940  1.0484
    1941  0.9477
    1942  1.1017
    1943  1.0985
    1944  0.9601
    1945  1.0747
    1946  1.0628
    1947  0.9617
    1948  0.9636
    1949  1.1569
    1950  1.1774
    1951  1.0856
    1952  1.0166
    1953  0.9003
    1954  0.8818
    1955  0.8229
    1956  0.8508
    1957  0.9401
    1958  0.9726
    1959  1.0350
    1960  0.9803
    1961  1.0269
    1962  0.9325
    1963  0.9516
    1964  0.8742
    1965  1.0846
    1966  0.9146
    1967  0.9802
    1968  1.0173
    1969  0.9874
    1970  0.9571
    1971  1.0648
    1972  1.0619
    1973  1.0778
    1974  1.0899
    1975  1.0114
    1976  0.9952
    1977  0.8144
    1978  1.0110
    1979  1.0328
    1980  0.9685
    1981  1.0806
    1982  0.9843
    1983  1.2494
    1984  0.8756
    1985  0.9455
    1986  0.9088
    1987  0.9492
    1988  0.8775
    1989  1.0107
    1990  1.0745
    1991  1.0448
    1992  1.1161
    1993  0.9651
    1994  1.0341
    1995  0.9501
    1996  1.0578
    1997  0.9506
