    1642  1.2007
    1643  1.0802
    1644  1.2009
    1645  0.9974
    1646  1.0137
    1647  0.8539
    1648  0.9915
    1649  0.7832
    1650  0.8234
    1651  0.9073
    1652  1.1098
    1653  1.3169
    1654  1.0189
    1655  1.1221
    1656  1.0119
    1657  0.7278
    1658  0.8281
    1659  1.0391
    1660  0.8398
    1661  0.7962
    1662  0.7832
    1663  1.2017
    1664  1.0107
    1665  0.8023
    1666  0.8658
    1667  0.8642
    1668  0.8142
    1669  0.9868
    1670  0.9041
    1671  1.2013
    1672  0.9925
    1673  1.2723
    1674  1.0029
    1675  1.4705
    1676  1.0784
    1677  1.2347
    1678  1.3921
    1679  0.9713
    1680  0.9264
    1681  0.7400
    1682  0.9319
    1683  0.7925
    1684  1.2457
    1685  0.9889
    1686  0.9359
    1687  0.8994
    1688  0.7062
    1689  0.8142
    1690  1.1220
    1691  1.2544
    1692  1.2743
    1693  1.0120
    1694  1.1375
    1695  1.1930
    1696  1.2229
    1697  0.9163
    1698  0.7312
    1699  0.7146
    1700  0.9967
    1701  1.0856
    1702  1.0656
    1703  0.9105
    1704  0.6576
    1705  0.8534
    1706  0.9352
    1707  1.0273
    1708  1.0482
    1709  0.9170
    1710  0.9011
    1711  1.0720
    1712  1.1701
    1713  0.9985
    1714  0.9823
    1715  0.9096
    1716  1.0535
    1717  1.0198
    1718  1.0121
    1719  1.0607
    1720  1.1860
    1721  0.9848
    1722  1.0151
    1723  0.8840
    1724  0.9350
    1725  1.0130
    1726  0.8818
    1727  0.8296
    1728  0.8172
    1729  1.0663
    1730  0.9537
    1731  1.2476
    1732  0.9440
    1733  0.8191
    1734  0.8158
    1735  1.0562
    1736  1.2131
    1737  1.0165
    1738  0.9122
    1739  1.1562
    1740  1.2025
    1741  0.7962
    1742  1.1384
    1743  0.8681
    1744  0.8892
    1745  1.0739
    1746  0.8249
    1747  1.0015
    1748  0.6697
    1749  0.9039
    1750  1.0468
    1751  1.0208
    1752  1.0489
    1753  1.0510
    1754  1.2259
    1755  0.8415
    1756  1.3032
    1757  0.9269
    1758  0.7635
    1759  0.8637
    1760  0.8278
    1761  1.0663
    1762  0.9446
    1763  1.1686
    1764  0.9246
    1765  0.9441
    1766  1.1240
    1767  0.9234
    1768  1.1584
    1769  0.9026
    1770  1.1502
    1771  1.0810
    1772  0.9022
    1773  1.0273
    1774  0.7408
    1775  0.7951
    1776  0.9738
    1777  0.9734
    1778  1.0449
    1779  0.8269
    1780  1.1049
    1781  1.1812
    1782  1.0372
    1783  1.0007
    1784  0.9375
    1785  0.9727
    1786  1.0693
    1787  1.0699
    1788  1.1421
    1789  0.8647
    1790  0.8828
    1791  0.7559
    1792  0.7252
    1793  1.0056
    1794  1.0257
    1795  1.0795
    1796  1.0777
    1797  0.8915
    1798  1.0050
    1799  1.1075
    1800  0.9943
    1801  1.1259
    1802  1.0560
    1803  0.9885
    1804  1.1039
    1805  0.9842
    1806  0.8345
    1807  0.9098
    1808  0.9872
    1809  1.0492
    1810  0.9009
    1811  0.9770
    1812  0.9579
    1813  0.9564
    1814  1.0143
    1815  1.0132
    1816  0.9471
    1817  0.9999
    1818  1.0593
    1819  1.0191
    1820  0.9684
    1821  1.0604
    1822  0.9123
    1823  0.8912
    1824  1.0165
    1825  0.9558
    1826  0.8815
    1827  1.0889
    1828  1.0268
    1829  0.9419
    1830  1.0615
    1831  1.0117
    1832  1.1770
    1833  1.1165
    1834  1.0450
    1835  0.9798
    1836  1.0878
    1837  0.9533
    1838  0.9824
    1839  0.8933
    1840  1.1056
    1841  1.0237
    1842  0.9712
    1843  0.8975
    1844  0.9511
    1845  0.8904
    1846  0.9402
    1847  0.9056
    1848  0.9311
    1849  0.9807
    1850  1.0902
    1851  0.9874
    1852  0.9975
    1853  0.9440
    1854  1.1169
    1855  1.0693
    1856  1.0485
    1857  1.0613
    1858  0.9612
    1859  0.8883
    1860  0.8798
    1861  0.9069
    1862  1.0722
    1863  0.9860
    1864  0.9938
    1865  0.9802
    1866  0.9658
    1867  0.9009
    1868  0.9731
    1869  1.0864
    1870  1.0753
    1871  0.8907
    1872  0.9134
    1873  0.9619
    1874  0.8942
    1875  1.0180
    1876  1.0096
    1877  0.9353
    1878  1.0854
    1879  0.9643
    1880  0.9784
    1881  1.0989
    1882  1.0314
    1883  0.9922
    1884  1.0832
    1885  0.9353
    1886  1.0188
    1887  1.0187
    1888  0.9975
    1889  1.1424
    1890  1.0026
    1891  0.9185
    1892  0.9259
    1893  0.9461
    1894  0.9109
    1895  0.9504
    1896  0.8949
    1897  0.8914
    1898  0.8580
    1899  0.9157
    1900  0.9056
    1901  1.0743
    1902  0.9323
    1903  1.1022
    1904  1.1073
    1905  0.9860
    1906  1.1001
    1907  1.0830
    1908  1.0969
    1909  1.1012
    1910  1.0420
    1911  0.7836
    1912  0.9431
    1913  1.0248
    1914  0.8029
    1915  0.9045
    1916  1.1363
    1917  1.0576
    1918  0.9261
    1919  1.0836
    1920  1.1083
    1921  1.0144
    1922  1.0472
    1923  0.9066
    1924  1.1157
    1925  0.8393
    1926  0.9253
    1927  1.1152
    1928  1.1961
    1929  1.0467
    1930  0.9696
    1931  0.9363
    1932  1.0107
    1933  0.8851
    1934  0.9365
    1935  0.8966
    1936  0.8998
    1937  1.0669
    1938  1.0766
    1939  1.0678
    1940  1.0901
    1941  0.9311
    1942  0.9908
    1943  1.0186
    1944  0.8912
    1945  0.8887
    1946  0.9654
    1947  0.8058
    1948  0.9174
    1949  1.1214
    1950  1.1788
    1951  1.2344
    1952  1.0088
    1953  1.1048
    1954  0.9549
    1955  0.8614
    1956  0.9661
    1957  1.0552
    1958  1.0503
    1959  1.0298
    1960  0.9670
    1961  1.0828
    1962  1.0031
    1963  0.8504
    1964  0.8985
    1965  0.8962
    1966  0.8094
    1967  0.8839
    1968  0.9389
    1969  0.9265
    1970  1.0788
    1971  1.1530
    1972  1.1225
    1973  1.0471
    1974  1.0611
    1975  1.0856
    1976  1.0694
    1977  0.9140
    1978  0.9928
    1979  0.9472
    1980  0.9344
    1981  0.8197
