nc.rwl
 1764    1.1150
 1765     .9470
 1766     .5740
 1767     .6090
 1768     .9800
 1769     .8560
 1770     .7590
 1771     .6850
 1772     .9830
 1773     .9730
 1774     .8080
 1775     .8030
 1776    1.1600
 1777     .5840
 1778     .7380
 1779     .6880
 1780     .5340
 1781     .3830
 1782     .6770
 1783     .6380
 1784     .5970
 1785     .6070
 1786     .6990
 1787     .6130
 1788     .5400
 1789     .5940
 1790     .7220
 1791     .5470
 1792     .8080
 1793     .7770
 1794     .8980
 1795     .8720
 1796     .6830
 1797     .6830
 1798     .5190
 1799     .6650
 1800     .5780
 1801     .7540
 1802     .5720
 1803     .6060
 1804     .5760
 1805     .5830
 1806     .4670
 1807     .4860
 1808     .4620
 1809     .4660
 1810     .4820
 1811     .4940
 1812     .4960
 1813     .4550
 1814     .5280
 1815     .3690
 1816     .4670
 1817     .4390
 1818     .3800
 1819     .4500
 1820     .4860
 1821     .5200
 1822     .4760
 1823     .4620
 1824     .5100
 1825     .4490
 1826     .6140
 1827     .7430
 1828     .6740
 1829     .5590
 1830     .5820
 1831     .5470
 1832     .6090
 1833     .5350
 1834     .4620
 1835     .4720
 1836     .5650
 1837     .6990
 1838     .4830
 1839     .4110
 1840     .4600
 1841     .4540
 1842     .4870
 1843     .5930
 1844     .5730
 1845     .5290
 1846     .6860
 1847     .5630
 1848     .5610
 1849     .6450
 1850     .4940
 1851     .5970
 1852     .6030
 1853     .5020
 1854     .5110
 1855     .6880
 1856     .6390
 1857     .5640
 1858     .6050
 1859     .5070
 1860     .5760
 1861     .5720
 1862     .5960
 1863     .6530
 1864     .5880
 1865     .5580
 1866     .4580
 1867     .4830
 1868     .4800
 1869     .5260
 1870     .6040
 1871     .4820
 1872     .6270
 1873     .5720
 1874     .5140
 1875     .6590
 1876     .7000
 1877     .6230
 1878     .7420
 1879     .6190
 1880     .5970
 1881     .5790
 1882     .6990
 1883     .6880
 1884     .7250
 1885     .6130
 1886     .8110
 1887     .6860
 1888     .6300
 1889     .8110
 1890     .6770
 1891     .8360
 1892     .8300
 1893     .8140
 1894     .7170
 1895     .6880
 1896     .6400
 1897     .6390
 1898     .6490
 1899     .7070
 1900     .6750
 1901     .7380
 1902     .6650
 1903     .7400
 1904     .8330
 1905     .6650
 1906     .6070
 1907     .7950
 1908     .7990
 1909     .8500
 1910     .8510
 1911     .5750
 1912     .5670
 1913     .6220
 1914     .4870
 1915     .7660
 1916     .8530
 1917     .7420
 1918     .6820
 1919     .8470
 1920     .7080
 1921     .7410
 1922     .9730
 1923     .7390
 1924    1.0240
 1925     .6760
 1926     .6660
 1927     .9140
 1928     .9680
 1929     .9670
 1930     .5780
 1931     .6560
 1932     .7230
 1933     .6670
 1934     .6660
 1935     .7080
 1936     .6680
 1937     .7200
 1938    1.1660
 1939    1.0990
 1940    1.2820
 1941    1.1400
 1942    1.2200
 1943    1.0900
 1944     .9060
 1945     .8120
 1946     .9120
 1947     .7810
 1948     .9740
 1949    1.0570
 1950    1.2030
 1951    1.0490
 1952     .9540
 1953     .9870
 1954     .7690
 1955     .7220
 1956     .8080
 1957     .8910
 1958     .8600
 1959     .8030
 1960     .7670
 1961     .8630
 1962     .9330
 1963     .7850
 1964     .8270
 1965     .9470
 1966     .7220
 1967     .8740
 1968     .9710
 1969     .8930
 1970     .7980
 1971    1.0420
 1972    1.2030
 1973    1.3310
 1974    1.2680
 1975    1.2290
 1976    1.1530
 1977     .8780
 1978     .9670
 1979     .8750
 1980     .8590
 1981     .9230
 1982     .9930
 1983    1.1830
 1984     .8550
 1985     .9480
 1986     .8650
 1987     .8860
 1988     .8820
 1989    1.1950
 1990    1.0260
 1991    1.0160
 1992    1.1810
 1993    1.0390
 1994    1.0430
 1995    1.2440
 1996    1.2120
 1997    1.0950
 1998    1.1400
 1999     .9560
 2000    1.1560
 2001    1.1500
 2002     .9120
 2003    1.2480
 2004    1.2130
 2005    1.3570
 2006    1.1090
 2007     .9710
 2008    1.1110
 2009    1.2780
 2010    1.0150
nc.rwl
 1764    1.2370
 1765    1.0620
 1766     .6510
 1767     .6990
 1768    1.1370
 1769    1.0050
 1770     .9020
 1771     .8230
 1772    1.1960
 1773    1.1990
 1774    1.0090
 1775    1.0160
 1776    1.5600
 1777     .8060
 1778    1.1830
 1779     .9090
 1780    1.1080
 1781     .8810
 1782     .9540
 1783     .9070
 1784     .9850
 1785    1.0110
 1786     .8740
 1787     .8920
 1788     .7960
 1789     .7550
 1790     .9250
 1791     .8540
 1792    1.1080
 1793     .9940
 1794    1.2090
 1795    1.2760
 1796    1.0000
 1797    1.0790
 1798     .8200
 1799    1.0480
 1800     .9380
 1801    1.1290
 1802    1.1030
 1803    1.0780
 1804    1.0760
 1805    1.0830
 1806     .8880
 1807     .9200
 1808     .8560
 1809     .8360
 1810     .8820
 1811     .9500
 1812     .9370
 1813     .9080
 1814    1.0220
 1815     .9990
 1816    1.0120
 1817     .9280
 1818     .7820
 1819     .8860
 1820    1.0590
 1821     .9090
 1822     .9590
 1823     .9610
 1824     .9610
 1825    1.1060
 1826    1.1680
 1827    1.3370
 1828    1.1250
 1829    1.0040
 1830     .9210
 1831     .9570
 1832    1.0520
 1833     .8880
 1834     .7900
 1835     .8210
 1836     .9510
 1837    1.0270
 1838     .8390
 1839     .6880
 1840     .7740
 1841     .7840
 1842     .8220
 1843     .9440
 1844    1.1040
 1845     .9240
 1846    1.2130
 1847    1.1220
 1848    1.0100
 1849    1.0820
 1850     .8560
 1851    1.0090
 1852    1.0140
 1853     .8980
 1854     .8870
 1855    1.2740
 1856    1.0980
 1857     .9710
 1858    1.0510
 1859     .9000
 1860    1.0160
 1861     .9730
 1862    1.0680
 1863    1.1470
 1864     .9890
 1865     .9390
 1866     .8390
 1867     .8110
 1868     .8220
 1869     .8800
 1870    1.0070
 1871     .8580
 1872    1.0460
 1873     .9670
 1874     .8100
 1875    1.0190
 1876    1.1540
 1877     .9660
 1878    1.1930
 1879     .9370
 1880     .9200
 1881     .8840
 1882    1.0400
 1883     .9830
 1884    1.0290
 1885     .8840
 1886    1.1650
 1887     .9940
 1888     .9140
 1889    1.1750
 1890     .9600
 1891    1.1770
 1892    1.1420
 1893    1.1180
 1894    1.0010
 1895     .9740
 1896     .9010
 1897     .8990
 1898     .8720
 1899     .9780
 1900     .9290
 1901    1.0260
 1902     .9150
 1903    1.0060
 1904    1.1470
 1905     .9190
 1906     .8500
 1907    1.1330
 1908    1.1270
 1909    1.1330
 1910    1.1560
 1911     .7820
 1912     .7580
 1913     .8460
 1914     .6650
 1915    1.0090
 1916    1.0950
 1917     .9810
 1918     .8890
 1919    1.1370
 1920     .9190
 1921     .9530
 1922    1.2520
 1923     .9480
 1924    1.2880
 1925     .8280
 1926     .8130
 1927    1.0950
 1928    1.1870
 1929    1.2040
 1930     .7020
 1931     .7830
 1932     .8430
 1933     .7590
 1934     .7550
 1935     .7980
 1936     .7620
 1937     .8020
 1938    1.2890
 1939    1.1840
 1940    1.3920
 1941    1.2170
 1942    1.2930
 1943    1.1530
 1944     .9610
 1945     .8950
 1946     .9620
 1947     .8130
 1948    1.0240
 1949    1.1200
 1950    1.2940
 1951    1.1250
 1952    1.0230
 1953    1.0720
 1954     .8100
 1955     .7790
 1956     .8640
 1957     .9630
 1958     .9380
 1959     .8460
 1960     .8070
 1961     .9170
 1962     .9840
 1963     .8350
 1964     .8740
 1965     .9920
 1966     .7750
 1967     .9330
 1968    1.0020
 1969     .8980
 1970     .8100
 1971    1.0740
 1972    1.2120
 1973    1.3200
 1974    1.2640
 1975    1.2140
 1976    1.1600
 1977     .8810
 1978     .9750
 1979     .9110
 1980     .8770
 1981     .9620
 1982    1.0250
 1983    1.1370
 1984     .8310
 1985     .9060
 1986     .8480
 1987     .8530
 1988     .8720
 1989    1.1210
 1990     .9710
 1991     .9500
 1992    1.0900
 1993     .9420
 1994     .9150
 1995    1.1100
 1996    1.0800
 1997     .9870
 1998    1.0170
 1999     .8530
 2000     .9980
 2001    1.0060
 2002     .8020
 2003    1.0740
 2004    1.0440
 2005    1.2000
 2006     .9580
 2007     .8490
 2008     .9650
 2009    1.1300
 2010     .8850
nc.rwl
 1764    1.1960
 1765     .9800
 1766     .6250
 1767     .8200
 1768    1.2540
 1769     .9680
 1770     .8980
 1771     .8600
 1772    1.2620
 1773    1.1380
 1774     .9360
 1775    1.0100
 1776    1.5500
 1777     .6220
 1778    1.1380
 1779     .9010
 1780    1.1320
 1781     .8270
 1782     .9590
 1783     .9220
 1784    1.0080
 1785    1.0430
 1786     .8670
 1787     .9180
 1788     .8350
 1789     .8220
 1790    1.0100
 1791     .8370
 1792    1.0970
 1793    1.0010
 1794    1.1800
 1795    1.1940
 1796     .9790
 1797    1.0780
 1798     .8190
 1799    1.0980
 1800     .9470
 1801    1.1540
 1802    1.0500
 1803    1.0660
 1804    1.0780
 1805    1.0650
 1806     .8800
 1807     .9510
 1808     .9230
 1809     .8700
 1810     .9350
 1811     .9690
 1812     .9710
 1813     .9140
 1814    1.0450
 1815     .9650
 1816     .9410
 1817     .9430
 1818     .8240
 1819     .9840
 1820    1.0580
 1821     .9170
 1822     .9420
 1823     .9720
 1824     .9870
 1825    1.1170
 1826    1.1210
 1827    1.1700
 1828     .9660
 1829     .9740
 1830     .9100
 1831     .9480
 1832    1.0180
 1833     .8900
 1834     .8320
 1835     .9080
 1836     .9950
 1837    1.0290
 1838     .8430
 1839     .7430
 1840     .8760
 1841     .8650
 1842     .8960
 1843    1.0370
 1844    1.1230
 1845     .9260
 1846    1.2480
 1847    1.0810
 1848     .9620
 1849    1.0760
 1850     .8150
 1851    1.0490
 1852    1.0270
 1853     .8980
 1854     .9190
 1855    1.3090
 1856    1.0360
 1857     .9370
 1858    1.0540
 1859     .8730
 1860    1.0520
 1861     .9800
 1862    1.0660
 1863    1.1050
 1864     .9330
 1865     .9650
 1866     .8530
 1867     .8630
 1868     .8980
 1869     .9650
 1870    1.0420
 1871     .8590
 1872    1.0880
 1873     .9540
 1874     .8230
 1875    1.0790
 1876    1.1570
 1877     .9070
 1878    1.1930
 1879     .8990
 1880     .9310
 1881     .9180
 1882    1.0750
 1883     .9820
 1884    1.0230
 1885     .8760
 1886    1.2080
 1887     .9370
 1888     .9040
 1889    1.2050
 1890     .9090
 1891    1.1940
 1892    1.0930
 1893    1.0710
 1894     .9570
 1895     .9680
 1896     .9120
 1897     .9370
 1898     .9120
 1899    1.0180
 1900     .9480
 1901    1.0440
 1902     .9220
 1903    1.0230
 1904    1.1590
 1905     .8840
 1906     .8660
 1907    1.1820
 1908    1.0770
 1909    1.0920
 1910    1.1060
 1911     .7190
 1912     .8300
 1913     .9320
 1914     .7200
 1915    1.1200
 1916    1.1180
 1917     .9400
 1918     .8930
 1919    1.1830
 1920     .8790
 1921     .9810
 1922    1.2680
 1923     .8770
 1924    1.3060
 1925     .7510
 1926     .8600
 1927    1.1690
 1928    1.1790
 1929    1.1450
 1930     .6420
 1931     .8770
 1932     .9310
 1933     .8120
 1934     .8360
 1935     .8870
 1936     .8390
 1937     .8970
 1938    1.3490
 1939    1.0870
 1940    1.3200
 1941    1.0930
 1942    1.2170
 1943    1.0540
 1944     .9000
 1945     .8950
 1946    1.0050
 1947     .8300
 1948    1.0890
 1949    1.1240
 1950    1.2510
 1951    1.0320
 1952     .9710
 1953    1.0600
 1954     .7890
 1955     .8360
 1956     .9420
 1957    1.0150
 1958     .9630
 1959     .8640
 1960     .8770
 1961     .9730
 1962    1.0220
 1963     .8240
 1964     .9240
 1965    1.0430
 1966     .7840
 1967    1.0180
 1968    1.0390
 1969     .9050
 1970     .8340
 1971    1.1420
 1972    1.2020
 1973    1.2490
 1974    1.1570
 1975    1.1110
 1976    1.0840
 1977     .8250
 1978    1.0070
 1979     .9210
 1980     .9050
 1981     .9970
 1982    1.0300
 1983    1.1020
 1984     .7930
 1985     .9620
 1986     .8880
 1987     .9140
 1988     .9300
 1989    1.1810
 1990     .9310
 1991     .9400
 1992    1.1090
 1993     .9130
 1994     .9410
 1995    1.1310
 1996    1.0420
 1997     .9500
 1998    1.0220
 1999     .8540
 2000    1.0580
 2001    1.0110
 2002     .8000
 2003    1.1450
 2004    1.0430
 2005    1.1780
 2006     .8920
 2007     .8570
 2008    1.0170
 2009    1.1550
 2010     .8510
nc.rwl
 1764    1.2300
 1765    1.0760
 1766     .6600
 1767     .6880
 1768    1.1330
 1769    1.0260
 1770     .9130
 1771     .8290
 1772    1.1980
 1773    1.2220
 1774    1.0300
 1775    1.0260
 1776    1.5650
 1777     .8540
 1778    1.0840
 1779     .9390
 1780    1.1110
 1781     .8760
 1782     .9140
 1783     .8910
 1784     .9690
 1785    1.0340
 1786     .8850
 1787     .8760
 1788     .7900
 1789     .7420
 1790     .9110
 1791     .8050
 1792    1.0230
 1793    1.0150
 1794    1.1900
 1795    1.2750
 1796    1.0940
 1797    1.1210
 1798     .8720
 1799    1.0510
 1800     .9710
 1801    1.1470
 1802    1.1130
 1803    1.1160
 1804    1.1290
 1805    1.1210
 1806     .9330
 1807     .9280
 1808     .8980
 1809     .8340
 1810     .8730
 1811     .9220
 1812     .9440
 1813     .8950
 1814    1.0070
 1815     .9720
 1816     .9340
 1817     .9210
 1818     .7960
 1819     .9060
 1820    1.0240
 1821     .9310
 1822     .9180
 1823     .9430
 1824     .9680
 1825    1.1080
 1826    1.1680
 1827    1.2420
 1828    1.0670
 1829    1.0060
 1830     .9160
 1831     .9190
 1832     .9900
 1833     .8900
 1834     .7920
 1835     .8280
 1836     .9310
 1837    1.0050
 1838     .8500
 1839     .6870
 1840     .7550
 1841     .7700
 1842     .8080
 1843     .9640
 1844    1.1130
 1845     .9760
 1846    1.2430
 1847    1.1830
 1848    1.0400
 1849    1.0970
 1850     .8580
 1851     .9960
 1852    1.0300
 1853     .9140
 1854     .8890
 1855    1.2690
 1856    1.1490
 1857    1.0010
 1858    1.0590
 1859     .9000
 1860    1.0160
 1861     .9910
 1862    1.0660
 1863    1.1360
 1864     .9920
 1865     .9660
 1866     .8430
 1867     .8040
 1868     .8230
 1869     .8990
 1870    1.0060
 1871     .8650
 1872    1.0380
 1873     .9740
 1874     .8160
 1875    1.0090
 1876    1.1650
 1877     .9780
 1878    1.1880
 1879     .9790
 1880     .9270
 1881     .8920
 1882    1.0360
 1883    1.0010
 1884    1.0280
 1885     .8910
 1886    1.1690
 1887    1.0100
 1888     .9120
 1889    1.1740
 1890     .9830
 1891    1.1920
 1892    1.1740
 1893    1.1450
 1894    1.0190
 1895     .9800
 1896     .9080
 1897     .9050
 1898     .8780
 1899     .9730
 1900     .9420
 1901    1.0250
 1902     .9360
 1903    1.0010
 1904    1.1640
 1905     .9550
 1906     .8520
 1907    1.1270
 1908    1.1320
 1909    1.1490
 1910    1.1700
 1911     .7920
 1912     .7500
 1913     .8350
 1914     .6580
 1915     .9870
 1916    1.1160
 1917     .9910
 1918     .8940
 1919    1.1450
 1920     .9410
 1921     .9610
 1922    1.2560
 1923     .9840
 1924    1.3040
 1925     .8770
 1926     .8150
 1927    1.0980
 1928    1.2230
 1929    1.2390
 1930     .7430
 1931     .7780
 1932     .8460
 1933     .7540
 1934     .7420
 1935     .7870
 1936     .7570
 1937     .8040
 1938    1.2740
 1939    1.2010
 1940    1.4060
 1941    1.2600
 1942    1.3260
 1943    1.1890
 1944     .9800
 1945     .8910
 1946     .9660
 1947     .8210
 1948    1.0210
 1949    1.1370
 1950    1.3100
 1951    1.1610
 1952    1.0400
 1953    1.0800
 1954     .8260
 1955     .7700
 1956     .8540
 1957     .9600
 1958     .9510
 1959     .8480
 1960     .8200
 1961     .9050
 1962     .9880
 1963     .8240
 1964     .8580
 1965     .9900
 1966     .7840
 1967     .9360
 1968    1.0170
 1969     .9160
 1970     .8050
 1971    1.0680
 1972    1.2330
 1973    1.3470
 1974    1.3010
 1975    1.2370
 1976    1.1840
 1977     .9030
 1978     .9720
 1979     .9130
 1980     .8750
 1981     .9510
 1982    1.0140
 1983    1.1120
 1984     .8420
 1985     .9030
 1986     .8530
 1987     .8590
 1988     .8770
 1989    1.1360
 1990     .9900
 1991     .9410
 1992    1.0890
 1993     .9540
 1994     .9270
 1995    1.1060
 1996    1.0890
 1997     .9900
 1998    1.0220
 1999     .8670
 2000    1.0080
 2001    1.0190
 2002     .8120
 2003    1.0740
 2004    1.0770
 2005    1.2130
 2006     .9820
 2007     .8540
 2008     .9630
 2009    1.1440
 2010     .9130
