rSWV
(True, 4, 1759) 1755 1758
(True, 8, 1784) 1776 1783
(True, 6, 1799) 1793 1798
(True, 6, 1836) 1830 1835
(True, 4, 1844) 1840 1843
(True, 3, 1885) 1882 1884
(True, 3, 1894) 1891 1893
(True, 4, 1911) 1907 1910
(True, 3, 1918) 1915 1917
(True, 3, 1930) 1927 1929
(True, 7, 1944) 1937 1943
(True, 5, 1954) 1949 1953
(True, 6, 1977) 1971 1976

NADA
(True, 4, 1772) 1768 1771
(True, 3, 1778) 1775 1777
(True, 4, 1789) 1785 1788
(True, 4, 1797) 1793 1796
(True, 3, 1810) 1807 1809
(True, 10, 1837) 1827 1836
(True, 6, 1871) 1865 1870
(True, 3, 1885) 1882 1884
(True, 4, 1905) 1901 1904
(True, 4, 1910) 1906 1909
(True, 3, 1918) 1915 1917
(True, 3, 1930) 1927 1929
(True, 3, 1940) 1937 1939
(True, 7, 1952) 1945 1951
(True, 3, 1959) 1956 1958
(True, 6, 1977) 1971 1976

JT
(True, 4, 1755) 1751 1754
(True, 4, 1764) 1760 1763
(True, 3, 1779) 1776 1778
(True, 5, 1844) 1839 1843
(True, 3, 1856) 1853 1855
(True, 5, 1887) 1882 1886
(True, 5, 1893) 1888 1892
(True, 8, 1911) 1903 1910
(True, 4, 1931) 1927 1930
(True, 9, 1976) 1967 1975


NC
(True, 3, 1835) 1832 1834
(True, 3, 1856) 1853 1855
(True, 3, 1869) 1866 1868
(True, 4, 1887) 1883 1886
(True, 3, 1902) 1899 1901
(True, 3, 1908) 1905 1907
(True, 7, 1963) 1956 1962
(True, 5, 1977) 1972 1976

WV
(True, 4, 1797) 1793 1796
(True, 4, 1803) 1799 1802
(True, 3, 1810) 1807 1809
(True, 3, 1818) 1815 1817
(True, 3, 1833) 1830 1832
(True, 3, 1843) 1840 1842
(True, 9, 1855) 1846 1854
(True, 3, 1860) 1857 1859
(True, 4, 1868) 1864 1867
(True, 3, 1879) 1876 1878
(True, 3, 1885) 1882 1884
(True, 3, 1892) 1889 1891
(True, 3, 1900) 1897 1899
(True, 3, 1910) 1907 1909
(True, 4, 1936) 1932 1935
(True, 3, 1947) 1944 1946
(True, 6, 1956) 1950 1955
(True, 5, 1976) 1971 1975

PR
(True, 3, 1763) 1760 1762
(True, 4, 1796) 1792 1795
(True, 3, 1802) 1799 1801
(True, 4, 1879) 1875 1878
(True, 3, 1904) 1901 1903
(True, 5, 1910) 1905 1909
(True, 3, 1951) 1948 1950

MP
(True, 4, 1812) 1808 1811
(True, 8, 1873) 1865 1872
(True, 3, 1918) 1915 1917
(True, 6, 1932) 1926 1931
(True, 3, 1954) 1951 1953


