 1722    1.1350
 1723    1.1230
 1724    1.2420
 1725    1.1290
 1726     .7540
 1727     .9820
 1728    1.2250
 1729     .8580
 1730     .6440
 1731     .6470
 1732     .8380
 1733     .7870
 1734     .6470
 1735     .9700
 1736    1.5080
 1737    1.3160
 1738    1.0190
 1739    1.2450
 1740    1.0450
 1741     .9270
 1742    1.0290
 1743     .8650
 1744     .5520
 1745    1.1980
 1746     .9380
 1747     .7990
 1748     .6520
 1749     .7370
 1750     .7010
 1751     .6830
 1752     .7560
 1753     .9780
 1754    1.1120
 1755     .7910
 1756    1.1120
 1757    1.1990
 1758     .7100
 1759     .9590
 1760    1.4870
 1761    1.1320
 1762    1.1420
 1763    1.1280
 1764    1.3210
 1765     .9950
 1766    1.2720
 1767     .7910
 1768    1.1700
 1769     .7710
 1770    1.0580
 1771    1.0850
 1772     .8120
 1773     .8360
 1774     .4230
 1775     .3160
 1776     .8220
 1777     .9640
 1778     .8390
 1779    1.1310
 1780    1.1920
 1781    1.2120
 1782     .7390
 1783     .9740
 1784     .8920
 1785     .7570
 1786    1.1190
 1787    1.0990
 1788    1.1650
 1789    1.0180
 1790     .8760
 1791     .9550
 1792    1.2750
 1793    1.5210
 1794    1.3240
 1795     .9580
 1796     .8960
 1797     .7250
 1798     .8710
 1799     .7040
 1800    1.0190
 1801     .8190
 1802    1.3740
 1803     .9860
 1804    1.0290
 1805     .8590
 1806     .6820
 1807     .9850
 1808     .9840
 1809    1.1660
 1810    1.2030
 1811    1.2100
 1812     .9160
 1813     .9030
 1814    1.3430
 1815    1.2800
 1816     .7510
 1817     .9870
 1818     .8010
 1819     .6540
 1820     .9670
 1821     .8140
 1822     .8310
 1823     .6120
 1824     .9180
 1825    1.0110
 1826     .8650
 1827     .8670
 1828     .9570
 1829     .7080
 1830    1.1060
 1831     .9760
 1832    1.1650
 1833     .9440
 1834    1.0010
 1835    1.3050
 1836    1.3500
 1837    1.1260
 1838     .8200
 1839     .7090
 1840    1.0000
 1841     .8240
 1842    1.2150
 1843    1.1320
 1844    1.0740
 1845     .7600
 1846     .8190
 1847     .9830
 1848     .8110
 1849     .8420
 1850     .7930
 1851     .9950
 1852    1.2230
 1853     .8760
 1854    1.1400
 1855    1.6050
 1856     .9980
 1857     .8830
 1858     .9300
 1859     .8650
 1860     .9970
 1861    1.0390
 1862    1.0320
 1863    1.1400
 1864     .9080
 1865    1.0030
 1866     .9430
 1867     .8210
 1868     .9130
 1869     .9020
 1870     .9710
 1871     .8080
 1872    1.1700
 1873     .9110
 1874     .7910
 1875    1.2570
 1876    1.0320
 1877     .8710
 1878    1.2010
 1879     .9280
 1880     .8790
 1881     .9260
 1882     .9640
 1883     .9550
 1884    1.0250
 1885     .9350
 1886    1.1110
 1887     .9800
 1888    1.0050
 1889    1.3770
 1890     .9940
 1891    1.1100
 1892    1.1100
 1893     .9300
 1894     .7810
 1895     .8160
 1896     .9940
 1897     .8810
 1898     .9290
 1899     .9960
 1900     .9160
 1901     .8920
 1902    1.0390
 1903    1.0930
 1904    1.0640
 1905    1.0190
 1906     .9290
 1907    1.1450
 1908    1.0810
 1909    1.1860
 1910    1.1830
 1911     .7800
 1912     .9700
 1913     .9410
 1914     .6600
 1915    1.2460
 1916    1.1160
 1917     .9510
 1918     .8960
 1919    1.0000
 1920    1.1110
 1921    1.0300
 1922    1.1240
 1923     .9690
 1924    1.1450
 1925     .7390
 1926     .8440
 1927    1.1240
 1928    1.1360
 1929     .9050
 1930     .7320
 1931     .8990
 1932     .8930
 1933     .7410
 1934     .8540
 1935    1.0220
 1936     .9200
 1937    1.1060
 1938    1.1100
 1939     .9010
 1940    1.0610
 1941    1.0710
 1942    1.0210
 1943     .9590
 1944     .7840
 1945     .9360
 1946    1.0270
 1947     .9350
 1948    1.0260
 1949    1.1840
 1950    1.2570
 1951    1.3130
 1952    1.0680
 1953    1.1980
 1954     .8820
 1955     .9480
 1956     .9900
 1957    1.0390
 1958    1.2010
 1959     .8730
 1960     .8710
 1961    1.0180
 1962     .9520
 1963     .8350
 1964     .7890
 1965     .9330
 1966     .6910
 1967    1.0190
 1968     .9070
 1969     .9470
 1970     .9260
 1971    1.0320
 1972    1.2080
 1973    1.1540
 1974    1.0910
 1975    1.0880
 1976    1.1900
 1977    1.1660
 1978     .9750
 1979    1.0520
 1980    1.2080
 1981     .9310
 1982     .9850
 1983     .9560
 1984     .8340
 1985     .9790
 1986     .8680
 1987     .7080
 1988     .8790
 1989    1.1380
 1990     .9050
 1991     .8100
 1992     .8590
 1993    1.1480
 1994    1.1050
 1995    1.1040
 1996    1.1050
 1997     .8100
 1998    1.0180
 1999     .9010
 2000    1.0930
 2001    1.0400
