 1881     .7190
 1882     .8580
 1883    1.2950
 1884    1.2890
 1885    1.1420
 1886     .9680
 1887    1.0790
 1888    1.1360
 1889    1.0940
 1890     .6730
 1891     .8110
 1892     .7760
 1893     .8190
 1894     .9200
 1895    1.0770
 1896    1.0320
 1897     .8850
 1898     .9680
 1899     .9120
 1900     .7650
 1901     .8880
 1902     .9600
 1903    1.0820
 1904    1.0280
 1905     .9840
 1906     .9330
 1907    1.0560
 1908    1.1110
 1909    1.0050
 1910    1.0240
 1911     .6790
 1912     .9150
 1913    1.0240
 1914     .8060
 1915    1.1560
 1916    1.4280
 1917    1.2110
 1918     .9670
 1919    1.0730
 1920    1.0980
 1921     .9410
 1922    1.1090
 1923     .8390
 1924    1.2220
 1925     .8490
 1926     .9600
 1927    1.1000
 1928    1.1240
 1929    1.2420
 1930     .8260
 1931    1.0010
 1932     .7450
 1933     .8600
 1934    1.0430
 1935    1.1390
 1936     .8140
 1937    1.2820
 1938    1.1290
 1939     .9660
 1940    1.0670
 1941     .9900
 1942     .9300
 1943     .9570
 1944     .8100
 1945    1.1800
 1946    1.1320
 1947    1.0500
 1948    1.0730
 1949    1.0300
 1950    1.0440
 1951    1.0080
 1952     .9880
 1953     .9380
 1954     .7640
 1955     .8280
 1956     .8710
 1957     .9160
 1958    1.0890
 1959     .9140
 1960    1.0660
 1961    1.0870
 1962    1.0440
 1963     .8840
 1964     .7830
 1965     .9010
 1966     .8490
 1967    1.0230
 1968     .9820
 1969    1.1650
 1970    1.0100
 1971    1.0930
 1972    1.1370
 1973    1.0330
 1974    1.1730
 1975    1.2600
 1976    1.1660
 1977     .8610
 1978    1.0290
 1979    1.0060
 1980     .9700
 1981     .8970
 1982     .9330
 1983    1.1110
 1984     .9810
 1985     .9950
 1986     .8270
 1987     .9740
 1988    1.0170
 1989    1.0870
 1990    1.1630
 1991     .9880
 1992    1.0220
 1993    1.0620
