 1750    1.3810
 1751    1.1280
 1752    1.0370
 1753    1.0440
 1754     .8020
 1755    1.1930
 1756    1.1060
 1757    1.0460
 1758    1.0140
 1759     .8280
 1760     .7020
 1761     .7380
 1762     .7300
 1763     .8810
 1764     .7560
 1765     .9340
 1766     .7300
 1767     .7870
 1768     .9280
 1769     .8980
 1770     .7300
 1771    1.0340
 1772     .7910
 1773     .7870
 1774     .5830
 1775     .7040
 1776    1.1630
 1777    1.0950
 1778     .9620
 1779    1.3670
 1780    1.1620
 1781     .9600
 1782    1.0180
 1783    1.0560
 1784     .7870
 1785     .9830
 1786    1.2720
 1787    1.0540
 1788    1.1870
 1789     .9230
 1790    1.0610
 1791    1.0070
 1792     .8320
 1793    1.1190
 1794    1.1180
 1795    1.1960
 1796    1.3660
 1797    1.2980
 1798    1.2310
 1799     .9320
 1800    1.0360
 1801     .8830
 1802    1.1780
 1803    1.1900
 1804     .9110
 1805    1.1860
 1806    1.0480
 1807     .9500
 1808     .8870
 1809     .8900
 1810     .9910
 1811     .9050
 1812     .8250
 1813     .9070
 1814    1.1420
 1815    1.1440
 1816     .9790
 1817    1.0980
 1818     .9830
 1819     .9180
 1820    1.1900
 1821     .7210
 1822     .9750
 1823    1.0900
 1824    1.2160
 1825    1.0480
 1826     .8220
 1827     .9970
 1828    1.0600
 1829    1.0000
 1830    1.0620
 1831    1.0630
 1832    1.0430
 1833    1.1980
 1834    1.0990
 1835    1.0920
 1836     .9930
 1837     .9160
 1838     .7480
 1839     .8050
 1840    1.1710
 1841     .9660
 1842    1.0300
 1843    1.0570
 1844     .9290
 1845     .9260
 1846     .9270
 1847    1.0970
 1848    1.0060
 1849    1.1290
 1850     .7250
 1851     .7850
 1852    1.1180
 1853     .8000
 1854     .7700
 1855     .7360
 1856     .8900
 1857    1.0040
 1858    1.0610
 1859     .8930
 1860    1.1110
 1861    1.0220
 1862     .9330
 1863     .9610
 1864    1.0880
 1865     .9980
 1866     .9140
 1867     .9180
 1868     .7980
 1869     .8880
 1870     .8980
 1871     .9660
 1872     .7230
 1873     .9620
 1874     .7090
 1875    1.2540
 1876    1.3420
 1877    1.2320
 1878    1.2710
 1879     .8440
 1880    1.0740
 1881    1.3180
 1882    1.5310
 1883    1.3340
 1884    1.4560
 1885    1.1170
 1886    1.2940
 1887    1.0700
 1888    1.2550
 1889    1.4020
 1890    1.0590
 1891    1.1860
 1892    1.5120
 1893    1.3020
 1894     .9570
 1895    1.0430
 1896    1.3050
 1897    1.2270
 1898     .8880
 1899    1.0020
 1900     .8290
 1901     .8360
 1902     .9990
 1903     .9520
 1904     .8710
 1905     .9400
 1906     .8130
 1907     .9020
 1908     .9360
 1909     .9940
 1910     .9340
 1911     .5340
 1912     .9610
 1913     .8070
 1914     .5720
 1915     .9270
 1916     .9830
 1917     .9860
 1918    1.0070
 1919    1.0190
 1920     .9080
 1921     .6720
 1922    1.0990
 1923    1.0580
 1924    1.0490
 1925     .7410
 1926     .9520
 1927    1.1520
 1928    1.2520
 1929    1.1460
 1930     .8940
 1931     .7110
 1932     .9000
 1933     .6640
 1934     .8260
 1935     .8840
 1936     .5790
 1937     .9900
 1938    1.1850
 1939    1.0170
 1940    1.0200
 1941     .8890
 1942    1.0850
 1943    1.1080
 1944     .9120
 1945    1.0790
 1946    1.0580
 1947     .8940
 1948     .9170
 1949    1.1930
 1950    1.1920
 1951    1.0760
 1952     .9540
 1953     .7850
 1954     .7600
 1955     .6700
 1956     .7140
 1957     .8350
 1958     .8640
 1959     .9460
 1960     .8880
 1961     .9510
 1962     .8290
 1963     .8640
 1964     .7490
 1965    1.0600
 1966     .8130
 1967     .9210
 1968     .9840
 1969     .9460
 1970     .9140
 1971    1.0740
 1972    1.0820
 1973    1.1060
 1974    1.1280
 1975    1.0270
 1976    1.0060
 1977     .7340
 1978    1.0330
 1979    1.0640
 1980    1.0010
 1981    1.1900
 1982    1.0490
 1983    1.4930
 1984     .8920
 1985    1.0200
 1986     .9650
 1987    1.0480
 1988     .9080
 1989    1.1800
 1990    1.3020
 1991    1.2450
 1992    1.3530
 1993    1.1260
 1994    1.2310
 1995    1.1350
 1996    1.3230
 1997    1.1230
