 1631     .8630
 1632     .8060
 1633     .9820
 1634    1.2230
 1635     .7930
 1636    1.3460
 1637     .9420
 1638     .8840
 1639     .9500
 1640     .8750
 1641     .8690
 1642     .9050
 1643     .9400
 1644     .8500
 1645     .9260
 1646    1.0350
 1647     .9820
 1648    1.0070
 1649    1.1110
 1650    1.0750
 1651    1.1120
 1652     .9820
 1653    1.2010
 1654     .9530
 1655    1.0680
 1656    1.1530
 1657    1.1140
 1658    1.2710
 1659    1.0550
 1660    1.0340
 1661     .9830
 1662     .9430
 1663     .9630
 1664    1.1690
 1665     .9870
 1666     .9640
 1667    1.0190
 1668    1.0430
 1669    1.1410
 1670    1.0450
 1671    1.0580
 1672     .9940
 1673    1.2430
 1674    1.1390
 1675    1.2620
 1676    1.0550
 1677    1.3570
 1678    1.2130
 1679     .9430
 1680    1.2150
 1681     .8860
 1682     .9310
 1683     .8050
 1684     .9950
 1685     .7340
 1686     .6640
 1687     .5720
 1688    1.0250
 1689     .9540
 1690    1.0830
 1691     .8580
 1692    1.1640
 1693    1.0010
 1694    1.1620
 1695    1.2210
 1696    1.1740
 1697    1.0410
 1698    1.0890
 1699     .8600
 1700     .8800
 1701    1.0310
 1702     .8250
 1703     .9700
 1704     .7660
 1705     .9910
 1706     .8800
 1707     .8480
 1708     .8900
 1709     .8790
 1710     .9010
 1711     .9470
 1712     .8620
 1713     .9470
 1714     .9560
 1715     .9520
 1716    1.0270
 1717    1.0820
 1718    1.1300
 1719    1.1620
 1720    1.1690
 1721     .9900
 1722     .9760
 1723    1.0100
 1724    1.1430
 1725    1.2060
 1726    1.0740
 1727    1.0990
 1728     .8840
 1729    1.0950
 1730    1.0490
 1731    1.0610
 1732     .9330
 1733     .9530
 1734     .9970
 1735    1.1080
 1736    1.0490
 1737    1.0230
 1738    1.0500
 1739    1.0370
 1740     .9980
 1741     .8090
 1742     .9030
 1743     .9120
 1744     .9050
 1745     .9170
 1746     .7830
 1747     .9930
 1748    1.3210
 1749     .9460
 1750     .7030
 1751     .6750
 1752     .7360
 1753     .9660
 1754    1.0490
 1755     .8250
 1756    1.0820
 1757    1.0950
 1758    1.0200
 1759     .8750
 1760    1.0010
 1761     .8950
 1762     .9240
 1763     .9190
 1764     .9920
 1765     .8930
 1766    1.0690
 1767     .9560
 1768    1.1930
 1769    1.0380
 1770     .8740
 1771    1.1560
 1772    1.1270
 1773    1.0750
 1774     .7050
 1775     .9680
 1776     .9020
 1777     .9650
 1778    1.0440
 1779     .9090
 1780    1.1790
 1781    1.1550
 1782    1.0740
 1783    1.1310
 1784     .8550
 1785     .9390
 1786    1.0280
 1787    1.0780
 1788    1.2600
 1789    1.1380
 1790    1.1330
 1791    1.0130
 1792    1.1510
 1793    1.2340
 1794    1.1530
 1795    1.1720
 1796    1.0760
 1797    1.2020
 1798    1.0110
 1799     .8660
 1800     .9430
 1801    1.0990
 1802    1.0390
 1803     .6350
 1804     .9700
 1805     .9320
 1806     .8480
 1807    1.0090
 1808    1.0840
 1809     .9830
 1810    1.1560
 1811    1.1070
 1812    1.1520
 1813    1.0250
 1814     .9620
 1815     .9800
 1816     .9580
 1817     .9190
 1818     .9240
 1819     .7140
 1820     .8130
 1821     .8100
 1822     .7470
 1823     .7000
 1824    1.0160
 1825     .8520
 1826     .9620
 1827    1.1310
 1828    1.1900
 1829     .8710
 1830    1.2330
 1831     .9840
 1832     .9870
 1833     .9830
 1834     .8170
 1835     .9250
 1836     .9060
 1837     .8300
 1838     .9270
 1839     .9460
 1840    1.2490
 1841    1.1280
 1842    1.2680
 1843    1.0300
 1844    1.1020
 1845    1.0820
 1846    1.1450
 1847    1.0480
 1848    1.0620
 1849     .9630
 1850    1.1660
 1851    1.1690
 1852    1.1210
 1853    1.1300
 1854    1.0730
 1855     .8340
 1856     .8450
 1857     .9690
 1858     .7560
 1859    1.0160
 1860     .9630
 1861     .7540
 1862     .9400
 1863     .8000
 1864     .9060
 1865     .8460
 1866     .9220
 1867     .7670
 1868     .7690
 1869     .9220
 1870     .9360
 1871     .7520
 1872     .8680
 1873     .7790
 1874     .9900
 1875     .9520
 1876    1.1060
 1877     .9960
 1878    1.2070
 1879    1.0050
 1880    1.1420
 1881    1.0250
 1882    1.0360
 1883     .9640
 1884    1.1440
 1885     .6510
 1886    1.0780
 1887     .9840
 1888     .9780
 1889    1.2570
 1890    1.0310
 1891     .9500
 1892    1.0820
 1893    1.0640
 1894    1.0400
 1895    1.0230
 1896     .9550
 1897    1.0530
 1898     .8510
 1899     .8860
 1900    1.0110
 1901    1.0410
 1902     .7580
 1903    1.1370
 1904    1.1370
 1905    1.0760
 1906    1.2710
 1907     .9710
 1908     .6940
 1909     .8700
 1910     .8160
 1911    1.0200
 1912    1.1130
 1913    1.1120
 1914    1.0100
 1915    1.1510
 1916    1.2100
 1917    1.1500
 1918     .8840
 1919     .8760
 1920    1.0920
 1921    1.0700
 1922    1.0670
 1923    1.0090
 1924    1.2440
 1925     .9640
 1926    1.0200
 1927    1.1320
 1928    1.1020
 1929     .9170
 1930    1.0190
 1931     .9380
 1932     .8980
 1933    1.0480
 1934    1.1740
 1935    1.2420
 1936     .7890
 1937    1.1360
 1938    1.1390
 1939    1.0990
 1940    1.0250
 1941     .9720
 1942    1.0920
 1943    1.2680
 1944    1.1410
 1945    1.1230
 1946    1.1270
 1947    1.0840
 1948     .8430
 1949     .9290
 1950     .9780
 1951     .9520
 1952     .8860
 1953     .9620
 1954     .8180
 1955     .8930
 1956    1.0470
 1957    1.1740
 1958    1.1010
 1959     .9140
 1960     .8840
 1961     .9590
 1962     .8700
 1963     .9150
 1964    1.0560
 1965    1.0070
 1966     .8500
 1967     .8380
 1968     .8080
 1969     .9750
 1970     .9840
 1971    1.2700
 1972    1.1010
 1973    1.0800
 1974    1.0600
 1975    1.2130
 1976    1.1300
 1977     .8550
 1978    1.1010
 1979    1.0540
 1980     .9740
 1981     .6210
