 1587     .7740
 1588     .9480
 1589    1.1520
 1590    1.0360
 1591     .8620
 1592     .9040
 1593    1.1930
 1594    1.3410
 1595    1.1490
 1596    1.3250
 1597    1.1220
 1598     .8840
 1599     .7020
 1600     .7160
 1601     .8870
 1602     .8990
 1603     .9400
 1604     .9630
 1605    1.0640
 1606    1.0590
 1607    1.3080
 1608     .9170
 1609     .9380
 1610    1.1590
 1611    1.2040
 1612     .8970
 1613     .8900
 1614    1.1000
 1615     .9860
 1616     .9930
 1617    1.0280
 1618     .9680
 1619    1.0840
 1620    1.0080
 1621    1.1640
 1622    1.3040
 1623    1.0170
 1624     .8820
 1625     .9700
 1626    1.0970
 1627     .8720
 1628    1.0330
 1629     .9560
 1630    1.2510
 1631     .9190
 1632     .9600
 1633     .8220
 1634     .9590
 1635     .9320
 1636    1.1860
 1637    1.2640
 1638     .9150
 1639    1.0340
 1640    1.0500
 1641    1.0560
 1642     .9410
 1643     .7820
 1644     .8750
 1645     .7310
 1646     .7750
 1647     .7780
 1648     .6220
 1649     .8410
 1650     .7610
 1651     .8250
 1652     .8940
 1653    1.0360
 1654     .9720
 1655    1.0450
 1656     .8540
 1657     .9450
 1658    1.0100
 1659    1.1920
 1660     .9770
 1661    1.1840
 1662    1.0160
 1663     .9780
 1664     .9180
 1665    1.0080
 1666     .9610
 1667    1.0650
 1668     .9430
 1669    1.1110
 1670    1.0850
 1671    1.1630
 1672    1.0390
 1673    1.2090
 1674    1.0130
 1675    1.0900
 1676     .9850
 1677    1.3170
 1678    1.1700
 1679    1.0760
 1680    1.0330
 1681     .7540
 1682     .9500
 1683     .8050
 1684    1.0320
 1685     .9080
 1686     .8360
 1687    1.0660
 1688    1.1390
 1689    1.2190
 1690    1.1990
 1691    1.2680
 1692    1.0320
 1693     .7860
 1694    1.1900
 1695    1.0470
 1696    1.1340
 1697    1.1140
 1698    1.0080
 1699     .9540
 1700     .8470
 1701     .7610
 1702     .9270
 1703     .7830
 1704     .7890
 1705    1.1130
 1706     .9130
 1707     .9790
 1708     .9110
 1709    1.0500
 1710    1.0670
 1711     .8660
 1712    1.1520
 1713    1.0890
 1714    1.0220
 1715     .9510
 1716    1.2760
 1717    1.2570
 1718    1.0160
 1719    1.0630
 1720    1.1150
 1721    1.1720
 1722    1.1240
 1723     .9130
 1724    1.0720
 1725     .9630
 1726    1.0230
 1727     .8610
 1728     .8520
 1729    1.1620
 1730     .9980
 1731    1.0490
 1732     .9130
 1733     .8980
 1734     .8110
 1735     .9150
 1736    1.0400
 1737    1.2070
 1738    1.0020
 1739    1.2470
 1740    1.2510
 1741    1.0650
 1742    1.1660
 1743     .8500
 1744     .9420
 1745    1.2200
 1746     .8850
 1747    1.0410
 1748     .6440
 1749     .8700
 1750    1.0340
 1751     .9860
 1752    1.0370
 1753    1.1070
 1754    1.2810
 1755     .7850
 1756    1.1410
 1757    1.3250
 1758    1.0820
 1759     .8990
 1760     .9730
 1761    1.1310
 1762     .9610
 1763    1.1070
 1764     .6130
 1765     .6570
 1766     .8690
 1767     .7120
 1768    1.1630
 1769     .9740
 1770     .9450
 1771     .8760
 1772     .7970
 1773     .9930
 1774     .7820
 1775     .9230
 1776     .9330
 1777     .8470
 1778     .9630
 1779    1.0300
 1780    1.1990
 1781    1.1990
 1782    1.0090
 1783    1.1610
 1784     .9780
 1785     .9060
 1786    1.0130
 1787    1.1490
 1788    1.1320
 1789     .9810
 1790    1.1170
 1791     .9290
 1792     .9220
 1793    1.2920
 1794    1.0710
 1795    1.1860
 1796    1.0630
 1797     .9310
 1798    1.0470
 1799     .7820
 1800     .9490
 1801    1.0160
 1802    1.0960
 1803     .9780
 1804    1.0990
 1805     .9480
 1806    1.0050
 1807     .9630
 1808     .9590
 1809     .8920
 1810    1.0020
 1811    1.0400
 1812    1.0520
 1813     .9230
 1814    1.0640
 1815    1.0750
 1816     .8560
 1817    1.0770
 1818     .8980
 1819     .8230
 1820     .7830
 1821     .8060
 1822     .8470
 1823     .8290
 1824     .9910
 1825    1.1040
 1826    1.0280
 1827    1.1390
 1828    1.1360
 1829     .9970
 1830    1.1120
 1831    1.0550
 1832    1.0100
 1833    1.0900
 1834     .9200
 1835     .8330
 1836     .9610
 1837     .7660
 1838     .8160
 1839     .6550
 1840     .8260
 1841     .8240
 1842     .7870
 1843     .9790
 1844     .9480
 1845     .7930
 1846    1.0160
 1847    1.0640
 1848     .8970
 1849    1.1400
 1850     .9170
 1851     .9810
 1852    1.0630
 1853     .9490
 1854    1.1550
 1855    1.0130
 1856     .9260
 1857    1.1360
 1858     .9780
 1859     .8450
 1860    1.1080
 1861     .9020
 1862    1.0600
 1863    1.1640
 1864     .8490
 1865     .9750
 1866     .8910
 1867     .8590
 1868     .8210
 1869     .9800
 1870    1.0170
 1871     .8080
 1872     .8580
 1873     .8080
 1874     .8270
 1875    1.0540
 1876    1.0210
 1877    1.1180
 1878    1.1190
 1879     .9890
 1880    1.0690
 1881     .8240
 1882     .9990
 1883     .9690
 1884    1.0590
 1885     .8990
 1886     .8390
 1887     .8800
 1888     .8290
 1889     .9980
 1890     .9720
 1891     .9400
 1892    1.0840
 1893     .9300
 1894     .8940
 1895     .9670
 1896     .8260
 1897    1.0100
 1898     .7480
 1899     .8520
 1900     .9170
 1901     .8290
 1902     .9120
 1903    1.1280
 1904    1.1250
 1905    1.0090
 1906    1.0740
 1907    1.0700
 1908    1.1400
 1909    1.1410
 1910     .8700
 1911     .8810
 1912    1.0060
 1913     .8630
 1914     .7930
 1915    1.0540
 1916    1.3150
 1917     .8380
 1918     .9190
 1919    1.1450
 1920    1.0740
 1921    1.0100
 1922     .9930
 1923     .9360
 1924     .9850
 1925     .7710
 1926     .8250
 1927    1.0980
 1928    1.0260
 1929     .9460
 1930    1.0250
 1931     .9020
 1932    1.0080
 1933     .7120
 1934     .9780
 1935     .8890
 1936     .8180
 1937    1.0190
 1938     .8760
 1939    1.1590
 1940    1.1840
 1941     .8860
 1942    1.1160
 1943    1.2010
 1944    1.0340
 1945     .8470
 1946    1.2500
 1947    1.1380
 1948    1.0840
 1949    1.2610
 1950    1.2960
 1951    1.4840
 1952    1.3070
 1953    1.4830
 1954    1.1520
 1955    1.1350
 1956    1.2960
 1957    1.5080
 1958    1.2990
 1959    1.0890
 1960    1.1310
 1961    1.2010
 1962    1.2370
 1963     .9460
 1964    1.1800
 1965    1.2010
 1966     .7650
 1967     .9710
 1968    1.0560
 1969     .9760
 1970     .9750
 1971    1.1070
 1972     .8930
 1973     .8140
 1974     .9430
 1975    1.1680
 1976     .7950
 1977     .7760
 1978     .9870
 1979    1.0140
 1980    1.0210
 1981    1.0510
 1982    1.2190
