 1764    1.2370
 1765    1.0620
 1766     .6510
 1767     .6990
 1768    1.1370
 1769    1.0050
 1770     .9020
 1771     .8230
 1772    1.1960
 1773    1.1990
 1774    1.0090
 1775    1.0160
 1776    1.5600
 1777     .8060
 1778    1.1830
 1779     .9090
 1780    1.1080
 1781     .8810
 1782     .9540
 1783     .9070
 1784     .9850
 1785    1.0110
 1786     .8740
 1787     .8920
 1788     .7960
 1789     .7550
 1790     .9250
 1791     .8540
 1792    1.1080
 1793     .9940
 1794    1.2090
 1795    1.2760
 1796    1.0000
 1797    1.0790
 1798     .8200
 1799    1.0480
 1800     .9380
 1801    1.1290
 1802    1.1030
 1803    1.0780
 1804    1.0760
 1805    1.0830
 1806     .8880
 1807     .9200
 1808     .8560
 1809     .8360
 1810     .8820
 1811     .9500
 1812     .9370
 1813     .9080
 1814    1.0220
 1815     .9990
 1816    1.0120
 1817     .9280
 1818     .7820
 1819     .8860
 1820    1.0590
 1821     .9090
 1822     .9590
 1823     .9610
 1824     .9610
 1825    1.1060
 1826    1.1680
 1827    1.3370
 1828    1.1250
 1829    1.0040
 1830     .9210
 1831     .9570
 1832    1.0520
 1833     .8880
 1834     .7900
 1835     .8210
 1836     .9510
 1837    1.0270
 1838     .8390
 1839     .6880
 1840     .7740
 1841     .7840
 1842     .8220
 1843     .9440
 1844    1.1040
 1845     .9240
 1846    1.2130
 1847    1.1220
 1848    1.0100
 1849    1.0820
 1850     .8560
 1851    1.0090
 1852    1.0140
 1853     .8980
 1854     .8870
 1855    1.2740
 1856    1.0980
 1857     .9710
 1858    1.0510
 1859     .9000
 1860    1.0160
 1861     .9730
 1862    1.0680
 1863    1.1470
 1864     .9890
 1865     .9390
 1866     .8390
 1867     .8110
 1868     .8220
 1869     .8800
 1870    1.0070
 1871     .8580
 1872    1.0460
 1873     .9670
 1874     .8100
 1875    1.0190
 1876    1.1540
 1877     .9660
 1878    1.1930
 1879     .9370
 1880     .9200
 1881     .8840
 1882    1.0400
 1883     .9830
 1884    1.0290
 1885     .8840
 1886    1.1650
 1887     .9940
 1888     .9140
 1889    1.1750
 1890     .9600
 1891    1.1770
 1892    1.1420
 1893    1.1180
 1894    1.0010
 1895     .9740
 1896     .9010
 1897     .8990
 1898     .8720
 1899     .9780
 1900     .9290
 1901    1.0260
 1902     .9150
 1903    1.0060
 1904    1.1470
 1905     .9190
 1906     .8500
 1907    1.1330
 1908    1.1270
 1909    1.1330
 1910    1.1560
 1911     .7820
 1912     .7580
 1913     .8460
 1914     .6650
 1915    1.0090
 1916    1.0950
 1917     .9810
 1918     .8890
 1919    1.1370
 1920     .9190
 1921     .9530
 1922    1.2520
 1923     .9480
 1924    1.2880
 1925     .8280
 1926     .8130
 1927    1.0950
 1928    1.1870
 1929    1.2040
 1930     .7020
 1931     .7830
 1932     .8430
 1933     .7590
 1934     .7550
 1935     .7980
 1936     .7620
 1937     .8020
 1938    1.2890
 1939    1.1840
 1940    1.3920
 1941    1.2170
 1942    1.2930
 1943    1.1530
 1944     .9610
 1945     .8950
 1946     .9620
 1947     .8130
 1948    1.0240
 1949    1.1200
 1950    1.2940
 1951    1.1250
 1952    1.0230
 1953    1.0720
 1954     .8100
 1955     .7790
 1956     .8640
 1957     .9630
 1958     .9380
 1959     .8460
 1960     .8070
 1961     .9170
 1962     .9840
 1963     .8350
 1964     .8740
 1965     .9920
 1966     .7750
 1967     .9330
 1968    1.0020
 1969     .8980
 1970     .8100
 1971    1.0740
 1972    1.2120
 1973    1.3200
 1974    1.2640
 1975    1.2140
 1976    1.1600
 1977     .8810
 1978     .9750
 1979     .9110
 1980     .8770
 1981     .9620
 1982    1.0250
 1983    1.1370
 1984     .8310
 1985     .9060
 1986     .8480
 1987     .8530
 1988     .8720
 1989    1.1210
 1990     .9710
 1991     .9500
 1992    1.0900
 1993     .9420
 1994     .9150
 1995    1.1100
 1996    1.0800
 1997     .9870
 1998    1.0170
 1999     .8530
 2000     .9980
 2001    1.0060
 2002     .8020
 2003    1.0740
 2004    1.0440
 2005    1.2000
 2006     .9580
 2007     .8490
 2008     .9650
 2009    1.1300
 2010     .8850
