 1642    1.3190
 1643    1.2150
 1644    1.2890
 1645    1.1280
 1646    1.1260
 1647    1.0010
 1648    1.0860
 1649     .9320
 1650     .9490
 1651     .9950
 1652    1.1190
 1653    1.2430
 1654    1.0390
 1655    1.0960
 1656    1.0170
 1657     .8300
 1658     .8870
 1659    1.0120
 1660     .8830
 1661     .8510
 1662     .8400
 1663    1.0940
 1664     .9740
 1665     .8430
 1666     .8810
 1667     .8790
 1668     .8470
 1669     .9550
 1670     .9030
 1671    1.0920
 1672     .9590
 1673    1.1390
 1674     .9650
 1675    1.2680
 1676    1.0120
 1677    1.1120
 1678    1.2130
 1679     .9350
 1680     .9020
 1681     .7760
 1682     .8970
 1683     .8020
 1684    1.3240
 1685    1.0730
 1686    1.0100
 1687    1.0020
 1688     .8310
 1689     .9270
 1690    1.1960
 1691    1.3040
 1692    1.3570
 1693    1.0300
 1694    1.1530
 1695    1.1870
 1696    1.4170
 1697    1.1160
 1698     .7610
 1699     .8180
 1700    1.0070
 1701    1.0740
 1702    1.0560
 1703     .9360
 1704     .7170
 1705     .8770
 1706     .9260
 1707    1.0090
 1708    1.0350
 1709     .9160
 1710     .8770
 1711    1.0430
 1712    1.1100
 1713     .9720
 1714     .9490
 1715     .8970
 1716    1.0180
 1717     .9930
 1718     .9720
 1719    1.0190
 1720    1.1180
 1721     .9490
 1722     .9750
 1723     .8840
 1724     .9480
 1725     .9320
 1726     .8430
 1727     .8200
 1728     .7940
 1729     .9850
 1730     .8990
 1731    1.2010
 1732     .9160
 1733     .8020
 1734     .7980
 1735    1.0540
 1736    1.1840
 1737     .9950
 1738     .8970
 1739    1.1340
 1740    1.1670
 1741     .8030
 1742    1.1240
 1743     .9210
 1744     .8720
 1745    1.0590
 1746     .8040
 1747     .9960
 1748     .6680
 1749     .8820
 1750    1.0580
 1751    1.0430
 1752    1.0620
 1753    1.0810
 1754    1.2630
 1755     .8470
 1756    1.3520
 1757     .9390
 1758     .7600
 1759     .8780
 1760     .8400
 1761    1.1520
 1762     .9610
 1763    1.2370
 1764     .9700
 1765     .9570
 1766    1.1840
 1767     .9610
 1768    1.2100
 1769     .9100
 1770    1.2540
 1771    1.1530
 1772     .9420
 1773    1.0960
 1774     .7320
 1775     .7920
 1776    1.0080
 1777    1.0170
 1778    1.1020
 1779     .8390
 1780    1.1710
 1781    1.2590
 1782    1.0970
 1783    1.0440
 1784     .9690
 1785    1.0100
 1786    1.1600
 1787    1.1270
 1788    1.2390
 1789     .8860
 1790     .8970
 1791     .7420
 1792     .7010
 1793    1.0540
 1794    1.1020
 1795    1.1720
 1796    1.1790
 1797     .9130
 1798    1.0920
 1799    1.1940
 1800    1.0580
 1801    1.2540
 1802    1.1530
 1803    1.0360
 1804    1.2000
 1805    1.0430
 1806     .8280
 1807     .9450
 1808    1.0480
 1809    1.1310
 1810     .8830
 1811    1.0100
 1812     .9950
 1813     .9940
 1814    1.0570
 1815    1.0640
 1816     .9710
 1817    1.0450
 1818    1.1300
 1819    1.0610
 1820    1.0100
 1821    1.1380
 1822     .9070
 1823     .8900
 1824    1.0870
 1825     .9740
 1826     .8650
 1827    1.1550
 1828    1.0640
 1829     .9400
 1830    1.1270
 1831    1.0340
 1832    1.2780
 1833    1.1870
 1834    1.1000
 1835     .9790
 1836    1.1470
 1837     .9500
 1838     .9640
 1839     .8300
 1840    1.1100
 1841    1.0060
 1842     .9120
 1843     .8080
 1844     .8670
 1845     .7950
 1846     .8590
 1847     .7840
 1848     .8210
 1849     .9200
 1850    1.0460
 1851     .9000
 1852     .9190
 1853     .8300
 1854    1.0580
 1855    1.0210
 1856     .9840
 1857    1.0110
 1858     .8760
 1859     .7690
 1860     .7530
 1861     .7950
 1862    1.0030
 1863     .8840
 1864     .9090
 1865     .8860
 1866     .8590
 1867     .7750
 1868     .8780
 1869    1.0220
 1870     .9860
 1871     .7640
 1872     .7850
 1873     .8590
 1874     .7620
 1875     .9180
 1876     .9070
 1877     .8170
 1878    1.0130
 1879     .8790
 1880     .8880
 1881    1.0520
 1882     .9860
 1883     .9190
 1884    1.0380
 1885     .8500
 1886     .9530
 1887     .9520
 1888     .9280
 1889    1.1320
 1890     .9470
 1891     .8410
 1892     .8470
 1893     .8790
 1894     .8350
 1895     .8930
 1896     .8270
 1897     .8280
 1898     .7900
 1899     .8780
 1900     .8620
 1901    1.0940
 1902     .9170
 1903    1.1580
 1904    1.1370
 1905    1.0220
 1906    1.1850
 1907    1.1600
 1908    1.1800
 1909    1.2170
 1910    1.1480
 1911     .7810
 1912    1.0110
 1913    1.1320
 1914     .8160
 1915     .9710
 1916    1.3070
 1917    1.1920
 1918    1.0020
 1919    1.2310
 1920    1.2720
 1921    1.1420
 1922    1.1890
 1923     .9890
 1924    1.2840
 1925     .8920
 1926    1.0170
 1927    1.2590
 1928    1.3830
 1929    1.1810
 1930    1.0690
 1931    1.0680
 1932    1.1240
 1933     .9440
 1934    1.0180
 1935     .9580
 1936     .9500
 1937    1.1680
 1938    1.1930
 1939    1.1870
 1940    1.1990
 1941     .9780
 1942    1.0640
 1943    1.0830
 1944     .9230
 1945     .9100
 1946    1.0160
 1947     .8050
 1948     .9490
 1949    1.2080
 1950    1.2800
 1951    1.3440
 1952    1.0440
 1953    1.1640
 1954     .9710
 1955     .8450
 1956     .9770
 1957    1.0870
 1958    1.0690
 1959    1.0380
 1960     .9590
 1961    1.0940
 1962     .9860
 1963     .8030
 1964     .8490
 1965     .8490
 1966     .7360
 1967     .8260
 1968     .8880
 1969     .8580
 1970    1.0410
 1971    1.1340
 1972    1.0740
 1973    1.0000
 1974    1.0210
 1975    1.0620
 1976    1.0260
 1977     .8400
 1978     .9230
 1979     .8900
 1980     .8600
 1981     .7370
