 1722    1.1230
 1723    1.0800
 1724    1.2020
 1725    1.0490
 1726     .7120
 1727    1.0710
 1728    1.2350
 1729     .7830
 1730     .6960
 1731     .7730
 1732     .9640
 1733     .8480
 1734     .7240
 1735    1.0960
 1736    1.5220
 1737    1.1950
 1738     .8930
 1739    1.2340
 1740     .9650
 1741     .9280
 1742    1.0730
 1743     .8740
 1744     .6110
 1745    1.3930
 1746     .8870
 1747     .8320
 1748     .7360
 1749     .8810
 1750     .8180
 1751     .8090
 1752     .8730
 1753     .9240
 1754    1.0820
 1755     .7030
 1756    1.1520
 1757    1.0580
 1758     .6600
 1759    1.0970
 1760    1.5070
 1761     .9080
 1762    1.0960
 1763    1.1610
 1764    1.2110
 1765     .8890
 1766    1.3080
 1767     .7320
 1768    1.2450
 1769     .8190
 1770    1.0850
 1771    1.0970
 1772     .7960
 1773     .8670
 1774     .5970
 1775     .6300
 1776     .8840
 1777     .9840
 1778     .8940
 1779    1.1720
 1780    1.1430
 1781    1.1190
 1782     .7230
 1783    1.0480
 1784     .9060
 1785     .8320
 1786    1.2020
 1787    1.0500
 1788    1.1130
 1789     .9570
 1790     .8700
 1791    1.0180
 1792    1.2650
 1793    1.4550
 1794    1.1570
 1795     .8310
 1796     .9120
 1797     .7030
 1798     .8950
 1799     .7590
 1800    1.1240
 1801     .8490
 1802    1.4260
 1803     .8650
 1804     .9450
 1805     .8460
 1806     .7550
 1807    1.0410
 1808     .9910
 1809    1.1860
 1810    1.1710
 1811    1.1660
 1812     .8300
 1813     .9260
 1814    1.3600
 1815    1.1480
 1816     .6550
 1817    1.0840
 1818     .8050
 1819     .7770
 1820    1.0530
 1821     .8390
 1822     .8690
 1823     .6680
 1824    1.0260
 1825    1.0240
 1826     .8920
 1827     .9090
 1828    1.0120
 1829     .7080
 1830    1.1830
 1831     .9590
 1832    1.1670
 1833     .9140
 1834    1.0060
 1835    1.3130
 1836    1.2850
 1837    1.0210
 1838     .7940
 1839     .7520
 1840    1.0950
 1841     .8220
 1842    1.2540
 1843    1.0840
 1844    1.0540
 1845     .7510
 1846     .8900
 1847    1.0280
 1848     .8180
 1849     .8770
 1850     .8410
 1851    1.0760
 1852    1.2180
 1853     .8020
 1854    1.1810
 1855    1.5550
 1856     .8050
 1857     .8840
 1858     .9640
 1859     .8900
 1860    1.0430
 1861    1.0350
 1862    1.0000
 1863    1.1240
 1864     .8660
 1865    1.0330
 1866     .9490
 1867     .8450
 1868     .9720
 1869     .9370
 1870    1.0070
 1871     .8320
 1872    1.2310
 1873     .8750
 1874     .8030
 1875    1.3320
 1876     .9560
 1877     .8680
 1878    1.2400
 1879     .8670
 1880     .9100
 1881     .9580
 1882     .9950
 1883     .9660
 1884    1.0430
 1885     .9310
 1886    1.1300
 1887     .9450
 1888    1.0150
 1889    1.3680
 1890     .8770
 1891    1.1290
 1892    1.0600
 1893     .9040
 1894     .7920
 1895     .8940
 1896    1.0490
 1897     .8930
 1898     .9710
 1899    1.0270
 1900     .9220
 1901     .9190
 1902    1.0790
 1903    1.0760
 1904    1.0350
 1905    1.0000
 1906     .9160
 1907    1.1720
 1908    1.0470
 1909    1.1440
 1910    1.1260
 1911     .7340
 1912    1.0420
 1913     .9600
 1914     .6790
 1915    1.3510
 1916    1.0510
 1917     .9390
 1918     .9030
 1919    1.0330
 1920    1.1130
 1921     .9990
 1922    1.1210
 1923     .9280
 1924    1.1670
 1925     .7070
 1926     .9290
 1927    1.1630
 1928    1.1150
 1929     .8660
 1930     .7600
 1931     .9830
 1932     .9320
 1933     .7840
 1934     .9330
 1935    1.0640
 1936     .9210
 1937    1.1310
 1938    1.0900
 1939     .8810
 1940    1.0830
 1941    1.0610
 1942    1.0040
 1943     .9500
 1944     .8100
 1945    1.0000
 1946    1.0380
 1947     .9290
 1948    1.0480
 1949    1.1570
 1950    1.1950
 1951    1.2330
 1952     .9730
 1953    1.1820
 1954     .8270
 1955     .9780
 1956    1.0120
 1957    1.0410
 1958    1.1960
 1959     .8200
 1960     .9180
 1961    1.0620
 196
