 1750    1.3380
 1751    1.1830
 1752    1.0010
 1753    1.0910
 1754     .6680
 1755    1.4740
 1756    1.1410
 1757    1.1180
 1758    1.1200
 1759     .8020
 1760     .6610
 1761     .7980
 1762     .7650
 1763    1.0640
 1764     .7420
 1765    1.1490
 1766     .6760
 1767     .8890
 1768    1.1210
 1769     .9840
 1770     .6930
 1771    1.3040
 1772     .7310
 1773     .8260
 1774     .4750
 1775     .7730
 1776    1.4160
 1777    1.1210
 1778     .9310
 1779    1.6110
 1780    1.2540
 1781     .9480
 1782    1.1310
 1783    1.0590
 1784     .6680
 1785    1.0090
 1786    1.4810
 1787     .9540
 1788    1.2100
 1789     .7630
 1790    1.0080
 1791     .9840
 1792     .7980
 1793    1.1540
 1794    1.1220
 1795    1.1160
 1796    1.2890
 1797    1.1890
 1798    1.1110
 1799     .7780
 1800     .9940
 1801     .7870
 1802    1.1850
 1803    1.0870
 1804     .8510
 1805    1.1350
 1806     .9500
 1807     .9040
 1808     .8870
 1809     .8970
 1810    1.0140
 1811     .8660
 1812     .8380
 1813     .9380
 1814    1.1410
 1815    1.0330
 1816     .9190
 1817    1.0680
 1818     .9460
 1819     .8700
 1820    1.1790
 1821     .6610
 1822    1.0300
 1823    1.0650
 1824    1.1680
 1825     .9710
 1826     .8320
 1827    1.0310
 1828    1.0580
 1829     .9580
 1830    1.0350
 1831    1.0210
 1832    1.0430
 1833    1.1710
 1834    1.0440
 1835    1.0400
 1836     .9720
 1837     .9150
 1838     .8140
 1839     .9210
 1840    1.2130
 1841     .9390
 1842    1.0500
 1843    1.0630
 1844     .9440
 1845     .9800
 1846     .9710
 1847    1.0450
 1848     .9900
 1849    1.1580
 1850     .7430
 1851     .9130
 1852    1.2000
 1853     .8440
 1854     .8560
 1855     .8760
 1856     .9930
 1857    1.0790
 1858    1.0890
 1859     .9300
 1860    1.1490
 1861    1.0180
 1862     .9850
 1863    1.0050
 1864    1.0790
 1865     .9780
 1866     .9350
 1867     .9520
 1868     .8380
 1869     .9550
 1870     .9270
 1871     .9410
 1872     .7640
 1873    1.0180
 1874     .7420
 1875    1.1750
 1876    1.1180
 1877    1.0430
 1878    1.0730
 1879     .7560
 1880    1.0040
 1881    1.1160
 1882    1.2240
 1883    1.0280
 1884    1.1520
 1885     .9060
 1886    1.1100
 1887     .9510
 1888    1.0920
 1889    1.1390
 1890     .8960
 1891    1.0350
 1892    1.1990
 1893    1.0430
 1894     .8270
 1895     .9870
 1896    1.1250
 1897    1.0460
 1898     .8120
 1899     .9770
 1900     .8410
 1901     .9020
 1902    1.0330
 1903    1.0090
 1904     .9040
 1905     .9830
 1906     .8960
 1907    1.0040
 1908     .9910
 1909    1.0420
 1910     .9760
 1911     .6920
 1912    1.1030
 1913     .8970
 1914     .7600
 1915    1.0830
 1916    1.0480
 1917    1.0400
 1918    1.0550
 1919    1.0540
 1920     .9550
 1921     .8020
 1922    1.1700
 1923    1.0590
 1924    1.0600
 1925     .8300
 1926    1.0700
 1927    1.1650
 1928    1.1900
 1929    1.0780
 1930     .9170
 1931     .8630
 1932    1.0120
 1933     .8180
 1934     .9780
 1935     .9840
 1936     .7550
 1937    1.1130
 1938    1.1640
 1939     .9870
 1940    1.0370
 1941     .9320
 1942    1.1200
 1943    1.0770
 1944     .9360
 1945    1.0820
 1946    1.0450
 1947     .9430
 1948     .9770
 1949    1.1340
 1950    1.1230
 1951    1.0210
 1952     .9860
 1953     .8950
 1954     .9040
 1955     .8400
 1956     .9020
 1957     .9940
 1958     .9790
 1959    1.0360
 1960     .9850
 1961    1.0360
 1962     .9230
 1963     .9630
 1964     .8950
 1965    1.1230
 1966     .8920
 1967    1.0040
 1968    1.0350
 1969     .9780
 1970     .9490
 1971    1.0780
 1972    1.0510
 1973    1.0560
 1974    1.0620
 1975     .9920
 1976     .9960
 1977     .8230
 1978    1.0640
 1979    1.0360
 1980     .9630
 1981    1.0890
 1982     .9620
 1983    1.2470
 1984     .8090
 1985     .9790
 1986     .9260
 1987     .9760
 1988     .8920
 1989    1.0460
 1990    1.0720
 1991    1.0230
 1992    1.1030
 1993     .9380
 1994    1.0430
 1995     .9440
 1996    1.0740
 1997     .9370
