nc
nc.rwl
 1764    1.1960
 1765     .9800
 1766     .6250
 1767     .8200
 1768    1.2540
 1769     .9680
 1770     .8980
 1771     .8600
 1772    1.2620
 1773    1.1380
 1774     .9360
 1775    1.0100
 1776    1.5500
 1777     .6220
 1778    1.1380
 1779     .9010
 1780    1.1320
 1781     .8270
 1782     .9590
 1783     .9220
 1784    1.0080
 1785    1.0430
 1786     .8670
 1787     .9180
 1788     .8350
 1789     .8220
 1790    1.0100
 1791     .8370
 1792    1.0970
 1793    1.0010
 1794    1.1800
 1795    1.1940
 1796     .9790
 1797    1.0780
 1798     .8190
 1799    1.0980
 1800     .9470
 1801    1.1540
 1802    1.0500
 1803    1.0660
 1804    1.0780
 1805    1.0650
 1806     .8800
 1807     .9510
 1808     .9230
 1809     .8700
 1810     .9350
 1811     .9690
 1812     .9710
 1813     .9140
 1814    1.0450
 1815     .9650
 1816     .9410
 1817     .9430
 1818     .8240
 1819     .9840
 1820    1.0580
 1821     .9170
 1822     .9420
 1823     .9720
 1824     .9870
 1825    1.1170
 1826    1.1210
 1827    1.1700
 1828     .9660
 1829     .9740
 1830     .9100
 1831     .9480
 1832    1.0180
 1833     .8900
 1834     .8320
 1835     .9080
 1836     .9950
 1837    1.0290
 1838     .8430
 1839     .7430
 1840     .8760
 1841     .8650
 1842     .8960
 1843    1.0370
 1844    1.1230
 1845     .9260
 1846    1.2480
 1847    1.0810
 1848     .9620
 1849    1.0760
 1850     .8150
 1851    1.0490
 1852    1.0270
 1853     .8980
 1854     .9190
 1855    1.3090
 1856    1.0360
 1857     .9370
 1858    1.0540
 1859     .8730
 1860    1.0520
 1861     .9800
 1862    1.0660
 1863    1.1050
 1864     .9330
 1865     .9650
 1866     .8530
 1867     .8630
 1868     .8980
 1869     .9650
 1870    1.0420
 1871     .8590
 1872    1.0880
 1873     .9540
 1874     .8230
 1875    1.0790
 1876    1.1570
 1877     .9070
 1878    1.1930
 1879     .8990
 1880     .9310
 1881     .9180
 1882    1.0750
 1883     .9820
 1884    1.0230
 1885     .8760
 1886    1.2080
 1887     .9370
 1888     .9040
 1889    1.2050
 1890     .9090
 1891    1.1940
 1892    1.0930
 1893    1.0710
 1894     .9570
 1895     .9680
 1896     .9120
 1897     .9370
 1898     .9120
 1899    1.0180
 1900     .9480
 1901    1.0440
 1902     .9220
 1903    1.0230
 1904    1.1590
 1905     .8840
 1906     .8660
 1907    1.1820
 1908    1.0770
 1909    1.0920
 1910    1.1060
 1911     .7190
 1912     .8300
 1913     .9320
 1914     .7200
 1915    1.1200
 1916    1.1180
 1917     .9400
 1918     .8930
 1919    1.1830
 1920     .8790
 1921     .9810
 1922    1.2680
 1923     .8770
 1924    1.3060
 1925     .7510
 1926     .8600
 1927    1.1690
 1928    1.1790
 1929    1.1450
 1930     .6420
 1931     .8770
 1932     .9310
 1933     .8120
 1934     .8360
 1935     .8870
 1936     .8390
 1937     .8970
 1938    1.3490
 1939    1.0870
 1940    1.3200
 1941    1.0930
 1942    1.2170
 1943    1.0540
 1944     .9000
 1945     .8950
 1946    1.0050
 1947     .8300
 1948    1.0890
 1949    1.1240
 1950    1.2510
 1951    1.0320
 1952     .9710
 1953    1.0600
 1954     .7890
 1955     .8360
 1956     .9420
 1957    1.0150
 1958     .9630
 1959     .8640
 1960     .8770
 1961     .9730
 1962    1.0220
 1963     .8240
 1964     .9240
 1965    1.0430
 1966     .7840
 1967    1.0180
 1968    1.0390
 1969     .9050
 1970     .8340
 1971    1.1420
 1972    1.2020
 1973    1.2490
 1974    1.1570
 1975    1.1110
 1976    1.0840
 1977     .8250
 1978    1.0070
 1979     .9210
 1980     .9050
 1981     .9970
 1982    1.0300
 1983    1.1020
 1984     .7930
 1985     .9620
 1986     .8880
 1987     .9140
 1988     .9300
 1989    1.1810
 1990     .9310
 1991     .9400
 1992    1.1090
 1993     .9130
 1994     .9410
 1995    1.1310
 1996    1.0420
 1997     .9500
 1998    1.0220
 1999     .8540
 2000    1.0580
 2001    1.0110
 2002     .8000
 2003    1.1450
 200