# using minimal fraction of valid points 30.00
# PDSI [1] from North American Drought Atlas PDSI Reconstructions
# cutting out region lon=  -81.250  -78.750, lat=   36.250   38.750
  365  -1.272000    
  366  0.2600000    
  367 -0.5300000E-01
  368 -0.6140000    
  369  -1.122000    
  370  -1.398000    
  371  0.1240000    
  372  0.6940000    
  373   1.684000    
  374   3.307000    
  375   1.252000    
  376 -0.9380001    
  377  -1.829000    
  378  -2.539000    
  379  -1.811000    
  380  0.1450000    
  381   2.434000    
  382   2.383000    
  383 -0.2110000    
  384  -1.582000    
  385  -2.100000    
  386  -1.836000    
  387  -1.149000    
  388  -1.166000    
  389  -2.009000    
  390  -3.152000    
  391  -3.508000    
  392  -2.149000    
  393   1.103000    
  394   3.090000    
  395   3.174000    
  396   1.302000    
  397  -1.288000    
  398  -3.026000    
  399  -2.264000    
  400 -0.7520000    
  401  -1.559000    
  402 -0.1570000    
  403 -0.7300001E-01
  404  -1.422000    
  405  -1.859000    
  406  -2.865000    
  407  -2.724000    
  408  -1.419000    
  409  0.2930000    
  410  0.1550000    
  411  0.4680001    
  412 -0.8060000    
  413  -1.750000    
  414  -1.081000    
  415  -2.033000    
  416  -1.081000    
  417  -1.384000    
  418 -0.5430000    
  419  -1.987000    
  420  -3.628000    
  421  -1.847000    
  422  0.8600003E-01
  423   2.627000    
  424   2.366000    
  425  0.3640000    
  426 -0.1340000    
  427  0.6869999    
  428  0.8280001    
  429  0.9430001    
  430  -1.008000    
  431  -1.502000    
  432 -0.7799998E-01
  433   1.829000    
  434   1.918000    
  435 -0.6060000    
  436  -2.641000    
  437  -2.409000    
  438  -1.640000    
  439  -1.710000    
  440  0.9039999    
  441  0.7850000    
  442  0.7950001    
  443 -0.7290000    
  444  -1.822000    
  445 -0.8040000    
  446  -1.273000    
  447  -1.011000    
  448 -0.4940000    
  449  0.3810000    
  450 -0.1930000    
  451   2.033000    
  452   1.881000    
  453   2.069000    
  454   1.338000    
  455  0.2390000    
  456  0.3049999    
  457 -0.9050000    
  458  -2.399000    
  459  -1.068000    
  460 -0.8679999    
  461 -0.7220000    
  462  0.4500002E-01
  463   1.512000    
  464   1.451000    
  465   2.205000    
  466 -0.6060000    
  467  -1.075000    
  468  0.1840000    
  469 -0.5620000    
  470 -0.6280000    
  471   1.854000    
  472   1.306000    
  473  -1.300000    
  474 -0.6120000    
  475 -0.6710000    
  476 -0.6220000    
  477 -0.6270000    
  478  -1.924000    
  479  0.8820001    
  480   2.129000    
  481   2.801000    
  482   1.168000    
  483  0.5320001    
  484 -0.4690000    
  485  -1.061000    
  486  -2.219000    
  487  -2.856000    
  488  -2.578000    
  489  0.1800001E-01
  490  -1.203000    
  491  -2.015000    
  492  -1.757000    
  493  0.2490000    
  494  0.5890000    
  495   1.679000    
  496 -0.2270000    
  497 -0.6040000    
  498   3.071000    
  499  0.6540000    
  500  -1.248000    
  501  0.4200000E-01
  502 -0.4370000    
  503  -1.901000    
  504  -1.983000    
  505  -2.794000    
  506  -1.373000    
  507  -1.851000    
  508  -3.596000    
  509 -0.7450000    
  510  -2.444000    
  511  -2.640000    
  512  0.9500000    
  513   1.734000    
  514  0.2360000    
  515  0.6760000    
  516   1.226000    
  517  0.5910001    
  518 -0.9120001    
  519  -3.282000    
  520  -1.665000    
  521  -1.130000    
  522 -0.9950000    
  523   1.056000    
  524   3.902000    
  525   2.088000    
  526  -1.429000    
  527  -2.013000    
  528   1.148000    
  529  0.3590000    
  530 -0.1260000    
  531  0.6949999    
  532   1.264000    
  533  -1.617000    
  534  0.3660001    
  535   1.665000    
  536   2.995000    
  537   1.563000    
  538 -0.1700000    
  539  -1.268000    
  540  -1.113000    
  541  -1.940000    
  542  -2.460000    
  543  -2.131000    
  544  0.5750000    
  545  0.7080001    
  546   1.406000    
  547  0.4299999    
  548 -0.6000000    
  549  -1.370000    
  550  0.3940001    
  551  -1.044000    
  552 -0.8490000    
  553 -0.1380000    
  554  0.8440000    
  555  -2.352000    
  556  -3.526000    
  557  -1.223000    
  558  -1.678000    
  559  -1.795000    
  560  -1.869000    
  561  -1.880000    
  562  -1.341000    
  563 -0.9140000    
  564  0.6030000    
  565 -0.9330000    
  566  0.7340001    
  567   1.005000    
  568  -1.456000    
  569 -0.4420000    
  570 -0.9229999    
  571 -0.6340000    
  572 -0.8840001    
  573  -1.939000    
  574  -1.667000    
  575  0.2820000    
  576  0.9180000    
  577   1.355000    
  578   2.154000    
  579   1.976000    
  580   2.041000    
  581 -0.3340000    
  582  0.3040000    
  583 -0.2060000    
  584  -1.163000    
  585 -0.1360000    
  586 -0.4780000    
  587  -1.763000    
  588  -2.315000    
  589  -1.541000    
  590  -1.330000    
  591 -0.2899998E-01
  592  0.4790000    
  593  0.9810001    
  594  -1.216000    
  595  0.9060000    
  596  0.9840001    
  597   2.331000    
  598   1.193000    
  599   1.545000    
  600  0.3019999    
  601 -0.5379999    
  602  0.4010000    
  603 -0.9629999    
  604  -2.482000    
  605  -1.234000    
  606  -1.585000    
  607 -0.6730000    
  608 -0.7999995E-01
  609 -0.1600003E-01
  610  0.7690001    
  611  -1.039000    
  612  -1.753000    
  613  -1.691000    
  614  -1.004000    
  615  0.6130000    
  616  0.9480001    
  617  0.9299999    
  618  0.9770000    
  619  0.7000029E-02
  620   1.184000    
  621   1.462000    
  622   1.448000    
  623   1.937000    
  624   1.880000    
  625   1.130000    
  626   1.133000    
  627  -1.047000    
  628  -2.758000    
  629 -0.8510001    
  630  -1.161000    
  631  -1.377000    
  632  -1.000000    
  633  -3.017000    
  634  -2.286000    
  635 -0.9390000    
  636  -1.146000    
  637  0.1690000    
  638   1.008000    
  639   2.631000    
  640   1.836000    
  641  0.4710001    
  642 -0.4000000    
  643  -1.496000    
  644 -0.6560000    
  645  -2.057000    
  646  -1.173000    
  647  -1.415000    
  648  -2.036000    
  649 -0.8360000    
  650  -2.076000    
  651 -0.7600000    
  652  -1.033000    
  653  0.9250001    
  654 -0.2640000    
  655  0.8280001    
  656 -0.7360000    
  657  -2.113000    
  658  -1.579000    
  659 -0.7700000    
  660  0.9380001    
  661 -0.4910000    
  662   1.226000    
  663  0.7550000    
  664  -2.653000    
  665  -3.364000    
  666  -3.651000    
  667  -1.288000    
  668  0.2350000    
  669 -0.3140000    
  670  -1.368000    
  671  -1.825000    
  672  -1.724000    
  673 -0.6980000    
  674 -0.1310000    
  675  0.5480000    
  676 -0.9410000    
  677  -1.651000    
  678  -1.901000    
  679  -1.384000    
  680  -1.985000    
  681  -1.771000    
  682  -1.193000    
  683  -1.160000    
  684  -1.805000    
  685  -1.754000    
  686  -2.461000    
  687  -3.301000    
  688  -3.405000    
  689  -2.309000    
  690 -0.2560000    
  691  0.5320001    
  692  0.3670000    
  693 -0.4710000    
  694   1.139000    
  695 -0.8379999    
  696  -1.755000    
  697  -2.600000    
  698  -2.985000    
  699  0.2440000    
  700  -1.139000    
  701 -0.9490000    
  702  -1.313000    
  703  -1.655000    
  704  -2.406000    
  705  -2.111000    
  706  -1.271000    
  707 -0.3600000    
  708  0.4870000    
  709 -0.7980000    
  710  -2.617000    
  711  -2.367000    
  712  -2.796000    
  713  -2.371000    
  714  -1.541000    
  715  -1.732000    
  716  -2.229000    
  717  -2.417000    
  718  -2.224000    
  719  -3.549000    
  720  -2.766000    
  721  -1.480000    
  722 -0.3299999E-01
  723   1.567000    
  724  0.9870000    
  725   2.545000    
  726   2.259000    
  727   3.786000    
  728   2.198000    
  729  0.9770000    
  730   2.515000    
  731  0.7830000    
  732  0.5850000    
  733 -0.6899998E-01
  734  -1.567000    
  735  0.4060000    
  736  -1.490000    
  737 -0.4920000    
  738   1.740000    
  739  0.4660001    
  740  0.3270000    
  741 -0.2300000E-01
  742  -1.009000    
  743 -0.3730000    
  744   1.187000    
  745  0.7740000    
  746 -0.6480000    
  747  -1.304000    
  748  -2.662000    
  749  -1.550000    
  750 -0.6060000    
  751 -0.4899999E-01
  752  0.8700000    
  753  0.9480001    
  754  -1.910000    
  755  -2.023000    
  756  -2.192000    
  757  -1.773000    
  758  0.5039999    
  759  -1.679000    
  760 -0.1060000    
  761 -0.2170000    
  762  0.8320000    
  763  0.6300000    
  764 -0.2860000    
  765   1.556000    
  766   1.811000    
  767  0.8930000    
  768   1.750000    
  769  0.6480000    
  770   1.587000    
  771  0.2190000    
  772 -0.8970000    
  773  -1.863000    
  774  0.1890000    
  775  0.3220000    
  776 -0.4400000    
  777  0.1160000    
  778 -0.6550000    
  779  -1.623000    
  780  -1.302000    
  781   1.324000    
  782   1.227000    
  783  -1.348000    
  784   1.520000    
  785   2.487000    
  786 -0.7470000    
  787  -1.017000    
  788  -1.840000    
  789 -0.6330000    
  790 -0.5550000    
  791  -2.899000    
  792  -1.793000    
  793 -0.4950000    
  794  -1.756000    
  795  -1.317000    
  796  -1.913000    
  797 -0.1010000    
  798  0.9560000    
  799  0.8260000    
  800 -0.3640000    
  801  0.9870000    
  802 -0.9270000    
  803  0.6190001    
  804 -0.7530000    
  805  -1.362000    
  806  -1.330000    
  807  -1.063000    
  808  -2.046000    
  809  -1.889000    
  810  -2.326000    
  811 -0.9390000    
  812  -1.001000    
  813 -0.2850000    
  814 -0.3930000    
  815 -0.7370000    
  816 -0.1790000    
  817 -0.5280000    
  818   1.131000    
  819 -0.9800000    
  820  -1.788000    
  821 -0.1570000    
  822 -0.3080000    
  823  -2.679000    
  824  -2.737000    
  825  -2.361000    
  826 -0.9640000    
  827  -1.263000    
  828  -1.720000    
  829  -2.146000    
  830  -1.333000    
  831  -1.335000    
  832 -0.6580000    
  833  0.2780000    
  834  0.4430000    
  835 -0.7670000    
  836  0.8479999    
  837 -0.1920000    
  838 -0.6850000    
  839 -0.7430000    
  840  0.3080000    
  841 -0.7850000    
  842 -0.8290000    
  843  0.2500004E-01
  844   1.163000    
  845  0.4779999    
  846  0.5799999    
  847  0.6160001    
  848  -1.488000    
  849  -3.305000    
  850  -1.960000    
  851  -2.547000    
  852  -2.334000    
  853  -2.317000    
  854  -2.349000    
  855  -2.364000    
  856  -1.698000    
  857  -3.111000    
  858  -3.464000    
  859 -0.2130000    
  860 -0.4290000    
  861 -0.1200000    
  862  0.4290000    
  863   2.198000    
  864 -0.4140000    
  865  0.5669999    
  866  -1.253000    
  867  -1.027000    
  868  -1.554000    
  869  -1.707000    
  870  -2.859000    
  871  -3.140000    
  872  -2.645000    
  873  -1.342000    
  874  -1.699000    
  875  -1.953000    
  876  -2.870000    
  877  -2.412000    
  878 -0.7950000    
  879  0.2130000    
  880 -0.7870000    
  881 -0.5700000    
  882  -1.072000    
  883 -0.1700000    
  884  0.2180001    
  885   1.897000    
  886  0.9510000    
  887  -2.274000    
  888  0.9420000    
  889   1.742000    
  890  0.9180000    
  891  -1.236000    
  892  -1.252000    
  893 -0.8960000    
  894 -0.4340000    
  895  0.1830000    
  896  -1.358000    
  897  -1.813000    
  898  -2.096000    
  899  -2.924000    
  900 -0.3770000    
  901  -2.066000    
  902 -0.5910000    
  903 -0.7770000    
  904  0.8290000    
  905  0.1960000    
  906  -1.218000    
  907  -1.661000    
  908 -0.4300000    
  909  -1.660000    
  910  -1.261000    
  911 -0.3670000    
  912 -0.6600000    
  913  0.2230000    
  914 -0.5940000    
  915  0.2830000    
  916 -0.1780000    
  917  -1.190000    
  918 -0.3820000    
  919  0.7919999    
  920  0.1900001    
  921   2.444000    
  922   3.296000    
  923   1.245000    
  924 -0.1420000    
  925  -1.107000    
  926 -0.1520000    
  927 -0.5900002E-01
  928  -2.421000    
  929  -1.739000    
  930  0.5799997E-01
  931 -0.2310000    
  932   1.822000    
  933 -0.4960000    
  934   1.181000    
  935 -0.9670000    
  936  -1.062000    
  937  0.1780000    
  938 -0.5210000    
  939   1.508000    
  940  -1.313000    
  941  -2.250000    
  942   1.336000    
  943   1.629000    
  944  0.4360000    
  945 -0.8270000    
  946 -0.5490000    
  947  0.7260000    
  948 -0.4340000    
  949  -1.151000    
  950 -0.6250000    
  951   1.046000    
  952 -0.6510000    
  953 -0.4170000    
  954  0.6170000    
  955   3.012000    
  956  0.7280000    
  957 -0.5250000    
  958  -1.085000    
  959 -0.3580000    
  960  -2.216000    
  961 -0.7110000    
  962  0.1700000    
  963  0.3720000    
  964   1.443000    
  965  0.9420000    
  966   1.744000    
  967  0.7140000    
  968  0.2870000    
  969  -1.584000    
  970 -0.8250000    
  971  0.6450000    
  972  0.1120000    
  973  0.3800005E-01
  974 -0.6000000E-01
  975  -1.807000    
  976  -1.353000    
  977  -1.184000    
  978 -0.5110000    
  979 -0.9720000    
  980  -2.128000    
  981  -2.472000    
  982  -2.968000    
  983  -1.517000    
  984  -1.134000    
  985  -1.312000    
  986 -0.9100002E-01
  987  -1.013000    
  988  -2.913000    
  989  -1.030000    
  990  -3.795000    
  991  -1.809000    
  992  0.4239999    
  993  0.1650000    
  994  0.9600002E-01
  995   1.165000    
  996 -0.9599999E-01
  997   1.686000    
  998   1.618000    
  999  -1.466000    
 1000  -1.603000    
 1001  0.6949999    
 1002 -0.9800002E-01
 1003  0.5640000    
 1004  0.7000000    
 1005 -0.5880000    
 1006  -1.795000    
 1007 -0.1950000    
 1008  0.6220000    
 1009  -1.848000    
 1010  -2.339000    
 1011  0.4960001    
 1012 -0.7999957E-02
 1013  0.8800000E-01
 1014 -0.4130000    
 1015 -0.5070000    
 1016  0.6140001    
 1017 -0.1410000    
 1018 -0.2850000    
 1019  0.6099999E-01
 1020 -0.3620000    
 1021  0.9679999    
 1022  0.9470000    
 1023  0.1310000    
 1024 -0.7490000    
 1025  -2.593000    
 1026  -1.566000    
 1027  -2.159000    
 1028 -0.7540000    
 1029 -0.9599999    
 1030  -1.587000    
 1031  0.6780001    
 1032 -0.4720000    
 1033  -1.056000    
 1034  -1.749000    
 1035  -1.023000    
 1036 -0.3010000    
 1037 -0.8800000    
 1038 -0.9280000    
 1039 -0.6830000    
 1040  -1.109000    
 1041  -2.019000    
 1042  -1.294000    
 1043  -1.713000    
 1044  -2.213000    
 1045  -2.186000    
 1046  -1.756000    
 1047  -3.155000    
 1048  -2.453000    
 1049  -1.329000    
 1050 -0.8190000    
 1051  -1.285000    
 1052 -0.9699997E-01
 1053 -0.2360000    
 1054 -0.6410000    
 1055  -1.570000    
 1056 -0.4610000    
 1057   1.133000    
 1058 -0.3310000    
 1059 -0.9299999    
 1060  -2.654000    
 1061  -2.905000    
 1062  -1.799000    
 1063  -1.677000    
 1064  -1.501000    
 1065   1.174000    
 1066  0.5139999    
 1067  0.4239999    
 1068  -1.073000    
 1069  0.6420000    
 1070  0.4960001    
 1071  -1.673000    
 1072  -1.192000    
 1073  -1.029000    
 1074  0.6170000    
 1075   1.689000    
 1076 -0.2100000    
 1077 -0.4330000    
 1078  -1.860000    
 1079  0.7300001E-01
 1080 -0.2100000    
 1081 -0.6719999    
 1082  -1.479000    
 1083  -1.702000    
 1084  -1.494000    
 1085  -2.261000    
 1086 -0.2510000    
 1087   1.314000    
 1088  0.3049999    
 1089  -1.548000    
 1090 -0.6700000E-01
 1091  0.7770000    
 1092  -1.844000    
 1093  -1.970000    
 1094  -1.352000    
 1095   1.642000    
 1096  0.9319999    
 1097  -1.333000    
 1098  0.1300001E-01
 1099  0.1300001E-01
 1100   1.098000    
 1101   1.174000    
 1102  0.9599999    
 1103  0.5480000    
 1104  -1.336000    
 1105 -0.9620000    
 1106 -0.1330000    
 1107  0.5820000    
 1108 -0.3250000    
 1109  -1.881000    
 1110  -1.377000    
 1111 -0.3450000    
 1112  -1.687000    
 1113 -0.9340000    
 1114   1.892000    
 1115 -0.9900001E-01
 1116 -0.2080000    
 1117  0.9980000    
 1118   1.605000    
 1119   1.555000    
 1120   1.477000    
 1121   2.809000    
 1122   2.367000    
 1123  -1.988000    
 1124  -1.293000    
 1125  -1.527000    
 1126  -3.092000    
 1127 -0.4630000    
 1128 -0.8200001    
 1129  -2.621000    
 1130  -2.226000    
 1131 -0.7480000    
 1132  0.3100001    
 1133   1.479000    
 1134  -1.436000    
 1135  -2.660000    
 1136  -2.467000    
 1137   1.428000    
 1138  0.1920000    
 1139  0.3420000    
 1140   1.683000    
 1141 -0.8599997E-01
 1142  -2.095000    
 1143  -1.498000    
 1144  -2.099000    
 1145  -1.489000    
 1146 -0.6860000    
 1147  -1.591000    
 1148  -1.945000    
 1149  -1.225000    
 1150 -0.3720000    
 1151  -1.712000    
 1152 -0.9599999E-01
 1153  -2.058000    
 1154  -1.270000    
 1155  -1.143000    
 1156 -0.2630000    
 1157  0.3280000    
 1158  0.6440001    
 1159  -1.903000    
 1160 -0.3540000    
 1161 -0.3280000    
 1162 -0.6100000    
 1163 -0.5680000    
 1164  -1.871000    
 1165  -2.918000    
 1166 -0.3350000    
 1167 -0.7099998E-01
 1168 -0.2600000    
 1169  0.3000001    
 1170 -0.6310000    
 1171  0.5599999E-01
 1172 -0.3390000    
 1173  0.3660001    
 1174 -0.3580000    
 1175 -0.6260000    
 1176  -1.974000    
 1177 -0.9050000    
 1178  -1.177000    
 1179  -2.149000    
 1180  -1.243000    
 1181  -2.438000    
 1182 -0.1670000    
 1183   1.842000    
 1184 -0.4200000    
 1185 -0.2999997E-01
 1186 -0.4220000    
 1187  -1.984000    
 1188 -0.9270000    
 1189   2.264000    
 1190  0.8350000    
 1191  -1.025000    
 1192  0.1500000    
 1193  0.2830000    
 1194 -0.4260000    
 1195  0.3220000    
 1196   2.266000    
 1197  -1.916000    
 1198  -2.674000    
 1199 -0.3080000    
 1200 -0.9520000    
 1201  -1.795000    
 1202  -1.390000    
 1203  -1.839000    
 1204 -0.2599996E-01
 1205   1.249000    
 1206  -1.868000    
 1207 -0.3350000    
 1208  -1.600000    
 1209  -1.762000    
 1210  -2.239000    
 1211  -2.195000    
 1212 -0.7510000    
 1213 -0.9280000    
 1214  -1.587000    
 1215  -3.021000    
 1216 -0.2720000    
 1217  -2.113000    
 1218  0.1080000    
 1219   1.207000    
 1220  0.1550000    
 1221 -0.8759999    
 1222  -1.601000    
 1223  -2.397000    
 1224   1.395000    
 1225   1.430000    
 1226 -0.5320000    
 1227  -2.782000    
 1228  0.7560000    
 1229 -0.3820000    
 1230 -0.4399997E-01
 1231 -0.8679999    
 1232  0.9050000    
 1233 -0.9160000    
 1234  -1.205000    
 1235  0.5000001E-01
 1236  -2.530000    
 1237  -1.640000    
 1238   1.138000    
 1239   3.056000    
 1240 -0.6020000    
 1241  0.8640001    
 1242  0.1900001    
 1243   1.587000    
 1244   1.219000    
 1245  -2.468000    
 1246  -1.512000    
 1247  -2.892000    
 1248  -2.155000    
 1249  0.5820000    
 1250  -1.287000    
 1251  -1.456000    
 1252  -1.460000    
 1253 -0.8590000    
 1254 -0.8350000    
 1255  -1.901000    
 1256  -1.587000    
 1257  -2.819000    
 1258  -1.692000    
 1259  -2.527000    
 1260 -0.8600000    
 1261   1.159000    
 1262  -1.513000    
 1263  -2.832000    
 1264   2.077000    
 1265  0.6420000    
 1266  0.5120001    
 1267 -0.8949999    
 1268  -1.583000    
 1269  -1.538000    
 1270  -1.872000    
 1271  0.4760000    
 1272   2.329000    
 1273   2.261000    
 1274 -0.4899999E-01
 1275  -2.144000    
 1276  0.4079999    
 1277  0.6900001E-01
 1278 -0.7570000    
 1279 -0.8450000    
 1280 -0.1440000    
 1281 -0.2290000    
 1282  0.3390000    
 1283  -2.665000    
 1284  -2.284000    
 1285  0.5500001    
 1286 -0.4050000    
 1287  -4.114000    
 1288  -2.584000    
 1289  0.1300000    
 1290   1.144000    
 1291   2.511000    
 1292  0.9500003E-01
 1293 -0.5999982E-02
 1294 -0.3240000    
 1295  0.5200000    
 1296  -3.633000    
 1297  0.3310000    
 1298   1.984000    
 1299   1.133000    
 1300   1.851000    
 1301  0.3840000    
 1302  -1.176000    
 1303  -1.773000    
 1304  -1.780000    
 1305   1.127000    
 1306   1.061000    
 1307 -0.4610000    
 1308 -0.4210000    
 1309 -0.4500002E-01
 1310  -2.064000    
 1311  -2.466000    
 1312  -3.453000    
 1313  0.9579999    
 1314 -0.5170000    
 1315  -2.257000    
 1316   1.165000    
 1317  0.9200001    
 1318  -1.962000    
 1319 -0.4210000    
 1320 -0.8340000    
 1321 -0.3120000    
 1322  -1.429000    
 1323  -1.760000    
 1324  -2.920000    
 1325 -0.8590000    
 1326  0.7120000    
 1327   1.136000    
 1328   1.585000    
 1329  -2.114000    
 1330  0.2710000    
 1331  0.8759999    
 1332 -0.6840000    
 1333  -2.037000    
 1334  0.8540000    
 1335  -4.879000    
 1336  -2.622000    
 1337 -0.4610000    
 1338 -0.7550000    
 1339  0.9540000    
 1340   1.599000    
 1341   1.847000    
 1342 -0.2180000    
 1343   1.997000    
 1344   1.827000    
 1345   3.329000    
 1346   1.771000    
 1347  -1.642000    
 1348  -1.080000    
 1349  0.3060000    
 1350  0.2220000    
 1351  -2.367000    
 1352 -0.4020000    
 1353  0.7290000    
 1354  -1.329000    
 1355   1.646000    
 1356  -2.379000    
 1357 -0.2840000    
 1358  0.6800001    
 1359  -2.164000    
 1360  -2.213000    
 1361 -0.9399998E-01
 1362   1.594000    
 1363   2.536000    
 1364  -2.536000    
 1365 -0.3930000    
 1366  0.8300000E-01
 1367  -1.738000    
 1368  0.5250001    
 1369  -1.240000    
 1370  0.4090001    
 1371 -0.9500000    
 1372  -4.437000    
 1373  -2.650000    
 1374 -0.1620000    
 1375  -1.012000    
 1376  -1.807000    
 1377 -0.4000000    
 1378  -1.972000    
 1379 -0.9440000    
 1380 -0.7500000    
 1381 -0.3900000E-01
 1382 -0.8720000    
 1383  0.3190001    
 1384  -1.166000    
 1385  -1.149000    
 1386  0.3299999E-01
 1387  0.7190000    
 1388 -0.5580000    
 1389  -3.684000    
 1390 -0.4550000    
 1391 -0.3780000    
 1392  -2.553000    
 1393  0.8989999    
 1394 -0.8720000    
 1395  -2.447000    
 1396   1.525000    
 1397 -0.5820000    
 1398  -1.647000    
 1399 -0.3960000    
 1400  0.7070000    
 1401  -4.360000    
 1402  0.3100002E-01
 1403   1.316000    
 1404  0.3280000    
 1405   1.218000    
 1406  0.4900000    
 1407  0.1720001    
 1408  -1.810000    
 1409  -1.507000    
 1410  -1.444000    
 1411  -2.449000    
 1412 -0.7940000    
 1413 -0.8599997E-01
 1414 -0.1500000    
 1415   1.466000    
 1416  -1.592000    
 1417   1.822000    
 1418   1.223000    
 1419 -0.7029999    
 1420  -1.550000    
 1421  -2.453000    
 1422 -0.4999998E-01
 1423  0.3830000    
 1424   2.395000    
 1425  -1.949000    
 1426  -3.134000    
 1427  -2.355000    
 1428  0.4810001    
 1429   2.122000    
 1430 -0.7490000    
 1431  -3.091000    
 1432  0.1780000    
 1433 -0.5799997E-01
 1434  0.9500000    
 1435   1.286000    
 1436  0.7310001    
 1437   1.552000    
 1438 -0.1050000    
 1439 -0.6120000    
 1440 -0.7090000    
 1441  -1.048000    
 1442 -0.8989999    
 1443   1.849000    
 1444  0.2000034E-02
 1445 -0.1590000    
 1446 -0.5510000    
 1447 -0.3880000    
 1448  0.5340000    
 1449   1.536000    
 1450 -0.2360000    
 1451  -3.141000    
 1452 -0.6670000    
 1453  -3.458000    
 1454  -2.391000    
 1455  -3.638000    
 1456 -0.9310000    
 1457   1.046000    
 1458  -2.001000    
 1459  0.5440000    
 1460 -0.3030000    
 1461   2.047000    
 1462  0.2220000    
 1463  -1.631000    
 1464  -2.009000    
 1465 -0.6230000    
 1466  0.8250000    
 1467  0.5410000    
 1468 -0.9700000    
 1469 -0.1710000    
 1470  -1.338000    
 1471  -1.265000    
 1472  -3.839000    
 1473  -2.415000    
 1474  -2.073000    
 1475 -0.7560000    
 1476  0.8090000    
 1477   1.251000    
 1478   1.332000    
 1479   1.639000    
 1480  0.9929999    
 1481  0.2870000    
 1482 -0.5399999E-01
 1483  0.2210000    
 1484 -0.1640000    
 1485 -0.1090000    
 1486  -3.375000    
 1487   1.128000    
 1488 -0.4810000    
 1489  -1.706000    
 1490  -1.084000    
 1491  -3.080000    
 1492 -0.2700000    
 1493   2.191000    
 1494 -0.8899999E-01
 1495 -0.7720000    
 1496 -0.2110000    
 1497   1.606000    
 1498  0.7830000    
 1499  -2.757000    
 1500  0.5170000    
 1501  -1.974000    
 1502 -0.6380000    
 1503 -0.1700002E-01
 1504 -0.5780000    
 1505  -2.096000    
 1506  0.3740000    
 1507   3.163000    
 1508   1.167000    
 1509  -3.358000    
 1510 -0.4970000    
 1511  0.2560000    
 1512 -0.1670000    
 1513  0.1330000    
 1514 -0.2140000    
 1515  0.2050000    
 1516 -0.7899997E-01
 1517 -0.9299999    
 1518  -2.015000    
 1519  0.8960000    
 1520  -1.698000    
 1521  -3.107000    
 1522  -3.137000    
 1523 -0.2930000    
 1524   1.362000    
 1525 -0.4100001E-01
 1526 -0.6370000    
 1527  0.5100000E-01
 1528 -0.6760000    
 1529   1.672000    
 1530   1.518000    
 1531   1.102000    
 1532  0.4910001    
 1533  -1.941000    
 1534  -1.851000    
 1535  -1.760000    
 1536  -2.839000    
 1537  -2.256000    
 1538  -1.163000    
 1539 -0.5369999    
 1540  0.8410000    
 1541   1.524000    
 1542 -0.3370000    
 1543   1.050000    
 1544  -1.037000    
 1545 -0.9120001    
 1546  0.2420000    
 1547  -1.012000    
 1548  0.1790000    
 1549 -0.8770000    
 1550  0.3720000    
 1551  -1.834000    
 1552  -1.990000    
 1553   1.363000    
 1554   2.778000    
 1555   1.465000    
 1556  0.3000001    
 1557 -0.6780000    
 1558  -1.034000    
 1559 -0.8099999    
 1560  -1.310000    
 1561   1.116000    
 1562  -2.662000    
 1563  -2.757000    
 1564  -1.703000    
 1565  -1.440000    
 1566  -3.311000    
 1567 -0.7420000    
 1568  -2.699000    
 1569  -2.280000    
 1570 -0.4110000    
 1571 -0.4310000    
 1572  -1.112000    
 1573 -0.9510000    
 1574 -0.7950000    
 1575  -1.320000    
 1576 -0.1930000    
 1577   1.162000    
 1578   2.357000    
 1579 -0.1230000    
 1580 -0.6439999    
 1581  0.5760000    
 1582  0.1280000    
 1583 -0.3410000    
 1584  0.1870000    
 1585  0.6919999    
 1586  -2.483000    
 1587  -3.773000    
 1588  -2.319000    
 1589  -1.579000    
 1590   1.351000    
 1591 -0.6680000    
 1592  -2.269000    
 1593 -0.4240000    
 1594   1.037000    
 1595 -0.9380001    
 1596  -2.233000    
 1597  -2.753000    
 1598  -2.046000    
 1599  -2.082000    
 1600   2.395000    
 1601   2.232000    
 1602   3.954000    
 1603 -0.8230001    
 1604 -0.5040000    
 1605   1.593000    
 1606 -0.2999997E-01
 1607 -0.2120000    
 1608  -2.023000    
 1609 -0.4390000    
 1610  -2.648000    
 1611  -1.441000    
 1612  -1.209000    
 1613   1.830000    
 1614 -0.9790000    
 1615   1.363000    
 1616  -1.014000    
 1617   1.691000    
 1618 -0.7400000E-01
 1619 -0.8580000    
 1620  -3.448000    
 1621  -1.695000    
 1622  0.8560001    
 1623 -0.1990000    
 1624 -0.1340000    
 1625  -1.452000    
 1626 -0.3400000    
 1627  -2.830000    
 1628  -2.941000    
 1629  -1.192000    
 1630  -1.264000    
 1631  -2.156000    
 1632  -2.897000    
 1633  -3.190000    
 1634  -1.290000    
 1635 -0.6610000    
 1636 -0.2520000    
 1637  -1.616000    
 1638  -2.362000    
 1639 -0.6670000    
 1640  0.4140000    
 1641  0.3430000    
 1642 -0.2750000    
 1643  -1.634000    
 1644 -0.6710000    
 1645  -1.751000    
 1646 -0.8750000    
 1647 -0.3350000    
 1648  -1.420000    
 1649  0.8440000    
 1650 -0.3780000    
 1651  0.1010000    
 1652 -0.9440000    
 1653  -1.046000    
 1654  -2.437000    
 1655 -0.3540000    
 1656 -0.3200001E-01
 1657 -0.7120000    
 1658  0.5500001    
 1659 -0.3610000    
 1660  -1.832000    
 1661  0.9620000    
 1662 -0.7590000    
 1663 -0.4570000    
 1664  0.2950000    
 1665  -1.202000    
 1666  -1.340000    
 1667  -1.614000    
 1668 -0.2220000    
 1669  0.1250000    
 1670  -2.719000    
 1671 -0.5400000    
 1672 -0.7099998E-01
 1673  0.9610000    
 1674  0.8899999E-01
 1675   1.656000    
 1676  -2.252000    
 1677  0.5070000    
 1678  0.7290000    
 1679 -0.7210000    
 1680   1.445000    
 1681  -1.102000    
 1682 -0.5730000    
 1683  0.7060000    
 1684   2.404000    
 1685  -1.104000    
 1686  -1.565000    
 1687  -1.392000    
 1688  -1.398000    
 1689 -0.2610000    
 1690  -1.194000    
 1691  -1.761000    
 1692  0.9800005E-01
 1693  -1.679000    
 1694  0.7040000    
 1695  0.6820000    
 1696 -0.3750000    
 1697  -1.039000    
 1698  -1.753000    
 1699  -2.793000    
 1700  -3.220000    
 1701 -0.7440000    
 1702 -0.1400000    
 1703  -2.569000    
 1704  -2.198000    
 1705   1.204000    
 1706  0.7010000    
 1707 -0.7670000    
 1708  -3.432000    
 1709  -1.570000    
 1710  0.4160001    
 1711   1.121000    
 1712  0.3170000    
 1713 -0.3980000    
 1714  -3.994000    
 1715  -2.124000    
 1716   1.349000    
 1717   2.824000    
 1718  -1.278000    
 1719  0.3830000    
 1720  -1.015000    
 1721  0.9360000    
 1722  -1.609000    
 1723 -0.5520000    
 1724   1.223000    
 1725   1.978000    
 1726  -1.013000    
 1727  -1.438000    
 1728  -2.024000    
 1729   1.074000    
 1730 -0.7080000    
 1731  0.7170000    
 1732  -1.529000    
 1733 -0.9790000    
 1734  -2.209000    
 1735 -0.5850000    
 1736  0.9940000    
 1737 -0.9229999    
 1738  -1.654000    
 1739   1.852000    
 1740 -0.1710000    
 1741  -1.347000    
 1742  0.1640000    
 1743  -2.278000    
 1744  -1.836000    
 1745  0.8500000    
 1746  -3.674000    
 1747  -1.377000    
 1748  -4.120000    
 1749  -1.218000    
 1750 -0.1800000    
 1751  0.2470000    
 1752  -1.094000    
 1753 -0.7999995E-01
 1754   1.346000    
 1755  -3.594000    
 1756  0.6300000    
 1757 -0.8500000    
 1758 -0.7780000    
 1759  -2.037000    
 1760   1.249000    
 1761  0.6250000    
 1762  -2.354000    
 1763  -1.172000    
 1764  -2.156000    
 1765  -2.865000    
 1766  0.4299999    
 1767  -2.761000    
 1768   2.393000    
 1769 -0.6860000    
 1770 -0.2530000    
 1771  0.2000034E-02
 1772  -1.366000    
 1773  -1.352000    
 1774  -2.319000    
 1775 -0.3570000    
 1776   1.615000    
 1777 -0.6499997E-01
 1778  -2.763000    
 1779  -1.379000    
 1780  0.2150000    
 1781  0.6380000    
 1782  -1.399000    
 1783  -1.066000    
 1784  -2.308000    
 1785  0.1040000    
 1786   1.101000    
 1787  0.1900001    
 1788   1.053000    
 1789 -0.7900000    
 1790  -1.222000    
 1791  -3.570000    
 1792  -1.276000    
 1793   1.951000    
 1794   1.604000    
 1795  0.5920000    
 1796   1.871000    
 1797  -1.227000    
 1798 -0.7270000    
 1799  -3.289000    
 1800  0.7770000    
 1801 -0.7140000    
 1802  0.2760000    
 1803  -1.826000    
 1804  0.6900001    
 1805 -0.5630000    
 1806  -3.810000    
 1807 -0.8899999E-01
 1808  0.5180000    
 1809  0.5310000    
 1810 -0.8149999    
 1811  -1.291000    
 1812  -1.047000    
 1813  -1.954000    
 1814   1.137000    
 1815 -0.1199996E-01
 1816  -2.391000    
 1817  0.6180000    
 1818  -2.230000    
 1819  -5.095000    
 1820  -2.185000    
 1821  -1.998000    
 1822  -2.792000    
 1823  -2.244000    
 1824  0.5960000    
 1825 -0.2710000    
 1826  -2.193000    
 1827   1.046000    
 1828   1.370000    
 1829 -0.2770000    
 1830   1.877000    
 1831   1.305000    
 1832   1.257000    
 1833   1.913000    
 1834  0.7800001E-01
 1835 -0.3740000    
 1836 -0.4299998E-01
 1837  -2.253000    
 1838  -3.382000    
 1839  -3.984000    
 1840   1.429000    
 1841  -1.791000    
 1842  0.4560001    
 1843  -1.448000    
 1844  -2.757000    
 1845  -3.360000    
 1846  0.8770000    
 1847   1.370000    
 1848 -0.9520000    
 1849  -1.624000    
 1850 -0.4900000    
 1851 -0.7480000    
 1852 -0.5499998E-01
 1853 -0.9400001    
 1854 -0.3700000    
 1855 -0.2570000    
 1856  -2.979000    
 1857 -0.8280000    
 1858  -1.546000    
 1859 -0.6240000    
 1860  0.6300002E-01
 1861  -1.650000    
 1862   1.718000    
 1863  0.4060000    
 1864  -3.062000    
 1865 -0.6600001E-01
 1866  0.8099999    
 1867  0.1070000    
 1868  0.8100003E-01
 1869 -0.1520000    
 1870 -0.4250000    
 1871  -2.132000    
 1872  -2.633000    
 1873  -1.232000    
 1874  -1.699000    
 1875  0.9530001    
 1876  0.1610000    
 1877  -1.041000    
 1878   1.349000    
 1879  -3.375000    
 1880  -2.960000    
 1881  -1.815000    
 1882  0.4970001    
 1883  0.8040000    
 1884   2.155000    
 1885  -1.719000    
 1886   1.882000    
 1887  -2.313000    
 1888  0.7000029E-02
 1889   3.426000    
 1890  -1.144000    
 1891  0.3299999E-01
 1892  0.7190000    
 1893  -2.061000    
 1894  -2.728000    
 1895  -2.317000    
 1896  0.3600001E-01
 1897 -0.2860000    
 1898  -2.318000    
 1899  -1.418000    
 1900  -1.951000    
 1901  0.3500000    
 1902 -0.1440000    
 1903   2.522000    
 1904  0.5500001E-01
 1905 -0.8500000    
 1906  0.8600000    
 1907  0.8169999    
 1908  0.9670000    
 1909  0.2880000    
 1910  -1.297000    
 1911  -5.250000    
 1912   1.219000    
 1913  -1.118000    
 1914  -3.867000    
 1915   1.428000    
 1916   2.247000    
 1917   1.479000    
 1918  -2.539000    
 1919 -0.3790000    
 1920  0.2640000    
 1921 -0.6410000    
 1922   1.977000    
 1923  -1.729000    
 1924   2.856000    
 1925  -3.188000    
 1926  -3.155000    
 1927  0.9349999    
 1928   1.894000    
 1929  0.5890000    
 1930  -2.532000    
 1931  -1.661000    
 1932  -1.823000    
 1933  -1.641000    
 1934 -0.7870000    
 1935   1.238000    
 1936  -1.917000    
 1937   1.294000    
 1938   2.194000    
 1939 -0.2410000    
 1940 -0.5030000    
 1941  -1.003000    
 1942 -0.3070000    
 1943 -0.2900000    
 1944  -2.315000    
 1945  0.2190000    
 1946   1.540000    
 1947  0.6800002E-01
 1948  0.2460001    
 1949  0.7960001    
 1950  0.8360000    
 1951   1.188000    
 1952 -0.6390000    
 1953 -0.4400000    
 1954  -1.903000    
 1955 -0.7520000    
 1956  0.2060000    
 1957  0.3329999    
 1958   1.943000    
 1959  -2.198000    
 1960 -0.4440000    
 1961  0.9820000    
 1962  0.1600000    
 1963  -1.580000    
 1964  -1.338000    
 1965 -0.5369999    
 1966  -2.335000    
 1967 -0.6950000    
 1968 -0.5050000    
 1969 -0.6090000    
 1970 -0.8460000    
 1971 -0.4999995E-02
 1972   1.429000    
 1973   1.737000    
 1974   1.555000    
 1975   1.903000    
 1976  0.9500003E-01
 1977  -2.963000    
 1978  0.9510000    
 1979   2.888000    
 1980  0.3390000    
 1981  -1.510000    
 1982  0.9069999    
 1983  0.3000021E-02
 1984   2.775000    
 1985  -1.706000    
 1986  -3.690000    
 1987  -1.933000    
 1988  -3.336000    
 1989   3.762000    
 1990  0.2030000    
 1991  -1.277000    
 1992  0.6389999    
 1993  -1.340000    
 1994   1.411000    
 1995 -0.3200001E-01
 1996   2.745000    
 1997 -0.7390000    
 1998 -0.6060000    
 1999  -4.529000    
 2000  0.4470000    
 2001 -0.8119999    
 2002  -5.086000    
 2003   4.548000    
 2004   2.859000    
 2005  0.6849999    
 2006 -0.8500000    
