1049   0.1017
1050   0.0397
1051  -0.0189
1052  -0.0693
1053  -0.1082
1054  -0.1303
1055  -0.1316
1056  -0.1108
1057  -0.0676
1058   0.0035
1059   0.1022
1060   0.2201
1061   0.3402
1062   0.4529
1063   0.5577
1064   0.6544
1065   0.7451
1066   0.8346
1067   0.9240
1068   1.0112
1069   1.0932
1070   1.1712
1071   1.2456
1072   1.3146
1073   1.3758
1074   1.4288
1075   1.4832
1076   1.5471
1077   1.6245
1078   1.7169
1079   1.8234
1080   1.9419
1081   2.0723
1082   2.2072
1083   2.3397
1084   2.4623
1085   2.5663
1086   2.6436
1087   2.6900
1088   2.7057
1089   2.6929
1090   2.6545
1091   2.5960
1092   2.5244
1093   2.4481
1094   2.3721
1095   2.3039
1096   2.2533
1097   2.2262
1098   2.2226
1099   2.2418
1100   2.2810
1101   2.3328
1102   2.3875
1103   2.4329
1104   2.4558
1105   2.4497
1106   2.4143
1107   2.3550
1108   2.2797
1109   2.2003
1110   2.1301
1111   2.0793
1112   2.0515
1113   2.0496
1114   2.0724
1115   2.1142
1116   2.1701
1117   2.2328
1118   2.2927
1119   2.3441
1120   2.3862
1121   2.4181
1122   2.4364
1123   2.4371
1124   2.4158
1125   2.3718
1126   2.3039
1127   2.2111
1128   2.0954
1129   1.9629
1130   1.8219
1131   1.6831
1132   1.5555
1133   1.4493
1134   1.3765
1135   1.3444
1136   1.3553
1137   1.4079
1138   1.4941
1139   1.6020
1140   1.7196
1141   1.8340
1142   1.9404
1143   2.0375
1144   2.1225
1145   2.1901
1146   2.2394
1147   2.2749
1148   2.3053
1149   2.3364
1150   2.3719
1151   2.4143
1152   2.4638
1153   2.5183
1154   2.5725
1155   2.6260
1156   2.6782
1157   2.7274
1158   2.7684
1159   2.7933
1160   2.7997
1161   2.7874
1162   2.7540
1163   2.6955
1164   2.6100
1165   2.4924
1166   2.3455
1167   2.1795
1168   2.0090
1169   1.8467
1170   1.7014
1171   1.5823
1172   1.4951
1173   1.4402
1174   1.4157
1175   1.4197
1176   1.4470
1177   1.4862
1178   1.5318
1179   1.5777
1180   1.6240
1181   1.6765
1182   1.7392
1183   1.8114
1184   1.8933
1185   1.9818
1186   2.0685
1187   2.1457
1188   2.2171
1189   2.2881
1190   2.3605
1191   2.4304
1192   2.4941
1193   2.5536
1194   2.6070
1195   2.6504
1196   2.6813
1197   2.6952
1198   2.6858
1199   2.6502
1200   2.5916
1201   2.5186
1202   2.4387
1203   2.3589
1204   2.2841
1205   2.2161
1206   2.1565
1207   2.1037
1208   2.0609
1209   2.0307
1210   2.0156
1211   2.0177
1212   2.0370
1213   2.0749
1214   2.1344
1215   2.2140
1216   2.3025
1217   2.3899
1218   2.4731
1219   2.5447
1220   2.6004
1221   2.6358
1222   2.6500
1223   2.6464
1224   2.6191
1225   2.5653
1226   2.4896
1227   2.3987
1228   2.3013
1229   2.2064
1230   2.1234
1231   2.0665
1232   2.0452
1233   2.0624
1234   2.1146
1235   2.1947
1236   2.2962
1237   2.4106
1238   2.5262
1239   2.6384
1240   2.7434
1241   2.8416
1242   2.9320
1243   3.0114
1244   3.0764
1245   3.1234
1246   3.1485
1247   3.1488
1248   3.1216
1249   3.0653
1250   2.9810
1251   2.8734
1252   2.7451
1253   2.5996
1254   2.4439
1255   2.2858
1256   2.1360
1257   2.0070
1258   1.9093
1259   1.8485
1260   1.8284
1261   1.8489
1262   1.9076
1263   1.9953
1264   2.0981
1265   2.2038
1266   2.2982
1267   2.3694
1268   2.4135
1269   2.4330
1270   2.4349
1271   2.4273
1272   2.4164
1273   2.4068
1274   2.4000
1275   2.3959
1276   2.3885
1277   2.3713
1278   2.3397
1279   2.2890
1280   2.2162
1281   2.1224
1282   2.0119
1283   1.8919
1284   1.7697
1285   1.6581
1286   1.5723
1287   1.5261
1288   1.5241
1289   1.5630
1290   1.6347
1291   1.7269
1292   1.8261
1293   1.9215
1294   2.0060
1295   2.0756
1296   2.1318
1297   2.1796
1298   2.2243
1299   2.2684
1300   2.3132
1301   2.3581
1302   2.3997
1303   2.4384
1304   2.4793
1305   2.5248
1306   2.5755
1307   2.6285
1308   2.6764
1309   2.7090
1310   2.7184
1311   2.7033
1312   2.6662
1313   2.6125
1314   2.5478
1315   2.4793
1316   2.4134
1317   2.3540
1318   2.3001
1319   2.2483
1320   2.1955
1321   2.1352
1322   2.0597
1323   1.9631
1324   1.8414
1325   1.6971
1326   1.5372
1327   1.3690
1328   1.2084
1329   1.0697
1330   0.9665
1331   0.9088
1332   0.9012
1333   0.9419
1334   1.0176
1335   1.1060
1336   1.1911
1337   1.2658
1338   1.3283
1339   1.3847
1340   1.4428
1341   1.5073
1342   1.5822
1343   1.6675
1344   1.7572
1345   1.8456
1346   1.9291
1347   2.0021
1348   2.0570
1349   2.0853
1350   2.0844
1351   2.0588
1352   2.0142
1353   1.9564
1354   1.8882
1355   1.8097
1356   1.7227
1357   1.6306
1358   1.5367
1359   1.4420
1360   1.3465
1361   1.2509
1362   1.1601
1363   1.0836
1364   1.0289
1365   0.9977
1366   0.9920
1367   1.0072
1368   1.0380
1369   1.0807
1370   1.1293
1371   1.1746
1372   1.2116
1373   1.2355
1374   1.2426
1375   1.2364
1376   1.2206
1377   1.1984
1378   1.1783
1379   1.1658
1380   1.1646
1381   1.1777
1382   1.2017
1383   1.2309
1384   1.2614
1385   1.2887
1386   1.3052
1387   1.3090
1388   1.3046
1389   1.2945
1390   1.2811
1391   1.2687
1392   1.2599
1393   1.2590
1394   1.2667
1395   1.2841
1396   1.3079
1397   1.3422
1398   1.3889
1399   1.4452
1400   1.5073
1401   1.5698
1402   1.6274
1403   1.6731
1404   1.7021
1405   1.7118
1406   1.7019
1407   1.6746
1408   1.6354
1409   1.5923
1410   1.5526
1411   1.5239
1412   1.5115
1413   1.5113
1414   1.5130
1415   1.5104
1416   1.4981
1417   1.4815
1418   1.4668
1419   1.4599
1420   1.4615
1421   1.4641
1422   1.4568
1423   1.4296
1424   1.3807
1425   1.3109
1426   1.2237
1427   1.1271
1428   1.0294
1429   0.9340
1430   0.8406
1431   0.7480
1432   0.6553
1433   0.5621
1434   0.4683
1435   0.3803
1436   0.3051
1437   0.2392
1438   0.1717
1439   0.0919
1440  -0.0051
1441  -0.1196
1442  -0.2446
1443  -0.3753
1444  -0.5093
1445  -0.6483
1446  -0.7954
1447  -0.9443
1448  -1.0846
1449  -1.2105
1450  -1.3184
1451  -1.3873
1452  -1.3954
1453  -1.3304
1454  -1.2057
1455  -1.0481
1456  -0.8856
1457  -0.7426
1458  -0.6325
1459  -0.5515
1460  -0.4850
1461  -0.4124
1462  -0.3188
1463  -0.1976
1464  -0.0485
1465   0.1216
1466   0.3017
1467   0.4747
1468   0.6189
1469   0.7105
1470   0.7423
1471   0.7227
1472   0.6647
1473   0.5823
1474   0.4905
1475   0.4056
1476   0.3446
1477   0.3168
1478   0.3225
1479   0.3560
1480   0.4118
1481   0.4843
1482   0.5643
1483   0.6426
1484   0.7089
1485   0.7576
1486   0.7880
1487   0.8044
1488   0.8100
1489   0.8095
1490   0.8075
1491   0.8076
1492   0.8136
1493   0.8231
1494   0.8311
1495   0.8408
1496   0.8539
1497   0.8662
1498   0.8733
1499   0.8724
1500   0.8627
1501   0.8416
1502   0.8137
1503   0.7866
1504   0.7689
1505   0.7648
1506   0.7772
1507   0.8049
1508   0.8440
1509   0.8866
1510   0.9275
1511   0.9626
1512   0.9899
1513   1.0121
1514   1.0360
1515   1.0652
1516   1.0996
1517   1.1442
1518   1.2015
1519   1.2694
1520   1.3438
1521   1.4157
1522   1.4734
1523   1.5134
1524   1.5340
1525   1.5331
1526   1.5083
1527   1.4591
1528   1.3888
1529   1.3001
1530   1.1972
1531   1.0888
1532   0.9835
1533   0.8943
1534   0.8329
1535   0.8055
1536   0.8099
1537   0.8419
1538   0.8979
1539   0.9705
1540   1.0511
1541   1.1300
1542   1.1973
1543   1.2480
1544   1.2824
1545   1.2967
1546   1.2843
1547   1.2477
1548   1.1875
1549   1.1001
1550   0.9830
1551   0.8389
1552   0.6743
1553   0.4981
1554   0.3189
1555   0.1431
1556  -0.0280
1557  -0.1901
1558  -0.3409
1559  -0.4757
1560  -0.5860
1561  -0.6660
1562  -0.7110
1563  -0.7214
1564  -0.6990
1565  -0.6448
1566  -0.5600
1567  -0.4430
1568  -0.2941
1569  -0.1236
1570   0.0550
1571   0.2308
1572   0.3902
1573   0.5191
1574   0.6124
1575   0.6695
1576   0.6975
1577   0.7064
1578   0.7054
1579   0.6953
1580   0.6720
1581   0.6373
1582   0.5959
1583   0.5530
1584   0.5137
1585   0.4822
1586   0.4581
1587   0.4401
1588   0.4274
1589   0.4197
1590   0.4127
1591   0.4046
1592   0.3925
1593   0.3697
1594   0.3276
1595   0.2620
1596   0.1715
1597   0.0612
1598  -0.0621
1599  -0.1911
1600  -0.3203
1601  -0.4450
1602  -0.5580
1603  -0.6532
1604  -0.7361
1605  -0.8148
1606  -0.9010
1607  -0.9994
1608  -1.1054
1609  -1.2120
1610  -1.3100
1611  -1.3944
1612  -1.4665
1613  -1.5309
1614  -1.5869
1615  -1.6143
1616  -1.5956
1617  -1.5260
1618  -1.4147
1619  -1.2697
1620  -1.0949
1621  -0.8918
1622  -0.6642
1623  -0.4163
1624  -0.1550
1625   0.1059
1626   0.3489
1627   0.5613
1628   0.7383
1629   0.8820
1630   0.9997
1631   1.0969
1632   1.1810
1633   1.2595
1634   1.3377
1635   1.4139
1636   1.4818
1637   1.5393
1638   1.5803
1639   1.5993
1640   1.6000
1641   1.5908
1642   1.5813
1643   1.5741
1644   1.5646
1645   1.5485
1646   1.5250
1647   1.4947
1648   1.4526
1649   1.3935
1650   1.3191
1651   1.2346
1652   1.1444
1653   1.0502
1654   0.9552
1655   0.8637
1656   0.7774
1657   0.6961
1658   0.6185
1659   0.5414
1660   0.4580
1661   0.3544
1662   0.2235
1663   0.0776
1664  -0.0677
1665  -0.1983
1666  -0.3045
1667  -0.3865
1668  -0.4486
1669  -0.4934
1670  -0.5210
1671  -0.5332
1672  -0.5366
1673  -0.5377
1674  -0.5414
1675  -0.5528
1676  -0.5763
1677  -0.6109
1678  -0.6458
1679  -0.6697
1680  -0.6763
1681  -0.6647
1682  -0.6316
1683  -0.5854
1684  -0.5333
1685  -0.4732
1686  -0.4036
1687  -0.3252
1688  -0.2471
1689  -0.1765
1690  -0.1189
1691  -0.0738
1692  -0.0340
1693   0.0006
1694   0.0260
1695   0.0429
1696   0.0554
1697   0.0694
1698   0.0884
1699   0.1125
1700   0.1407
1701   0.1679
1702   0.1825
1703   0.1787
1704   0.1577
1705   0.1273
1706   0.0943
1707   0.0640
1708   0.0413
1709   0.0263
1710   0.0170
1711   0.0080
1712  -0.0092
1713  -0.0466
1714  -0.1124
1715  -0.2081
1716  -0.3228
1717  -0.4406
1718  -0.5474
1719  -0.6327
1720  -0.6930
1721  -0.7317
1722  -0.7557
1723  -0.7661
1724  -0.7589
1725  -0.7338
1726  -0.6906
1727  -0.6247
1728  -0.5318
1729  -0.4118
1730  -0.2674
1731  -0.1049
1732   0.0631
1733   0.2215
1734   0.3561
1735   0.4557
1736   0.5215
1737   0.5569
1738   0.5633
1739   0.5397
1740   0.4931
1741   0.4343
1742   0.3733
1743   0.3160
1744   0.2650
1745   0.2169
1746   0.1671
1747   0.1078
1748   0.0306
1749  -0.0704
1750  -0.1950
1751  -0.3367
1752  -0.4861
1753  -0.6339
1754  -0.7774
1755  -0.9156
1756  -1.0514
1757  -1.1870
1758  -1.3260
1759  -1.4815
1760  -1.6664
1761  -1.8723
1762  -2.0775
1763  -2.2540
1764  -2.3827
1765  -2.4582
1766  -2.4818
1767  -2.4613
1768  -2.4077
1769  -2.3346
1770  -2.2534
1771  -2.1707
1772  -2.0854
1773  -1.9932
1774  -1.8920
1775  -1.7823
1776  -1.6723
1777  -1.5668
1778  -1.4681
1779  -1.3759
1780  -1.2990
1781  -1.2495
1782  -1.2349
1783  -1.2515
1784  -1.2870
1785  -1.3197
1786  -1.3255
1787  -1.2871
1788  -1.1990
1789  -1.0671
1790  -0.9100
1791  -0.7441
1792  -0.5803
1793  -0.4244
1794  -0.2827
1795  -0.1622
1796  -0.0684
1797  -0.0016
1798   0.0427
1799   0.0716
1800   0.0935
1801   0.1144
1802   0.1364
1803   0.1626
1804   0.1957
1805   0.2326
1806   0.2652
1807   0.2886
1808   0.3033
1809   0.3091
1810   0.3047
1811   0.2914
1812   0.2725
1813   0.2556
1814   0.2532
1815   0.2762
1816   0.3279
1817   0.4046
1818   0.4960
1819   0.5921
1820   0.6825
1821   0.7544
1822   0.7968
1823   0.8047
1824   0.7754
1825   0.7080
1826   0.6092
1827   0.4884
1828   0.3498
1829   0.1970
1830   0.0383
1831  -0.1187
1832  -0.2672
1833  -0.3989
1834  -0.5096
1835  -0.5980
1836  -0.6591
1837  -0.6907
1838  -0.6946
1839  -0.6814
1840  -0.6641
1841  -0.6554
1842  -0.6692
1843  -0.7115
1844  -0.7815
1845  -0.8689
1846  -0.9564
1847  -1.0291
1848  -1.0777
1849  -1.0926
1850  -1.0706
1851  -1.0167
1852  -0.9329
1853  -0.8210
1854  -0.6834
1855  -0.5224
1856  -0.3401
1857  -0.1418
1858   0.0632
1859   0.2617
1860   0.4417
1861   0.5967
1862   0.7207
1863   0.8080
1864   0.8601
1865   0.8814
1866   0.8784
1867   0.8588
1868   0.8280
1869   0.7925
1870   0.7599
1871   0.7391
1872   0.7357
1873   0.7515
1874   0.7839
1875   0.8276
1876   0.8823
1877   0.9425
1878   0.9976
1879   1.0384
1880   1.0636
1881   1.0710
1882   1.0527
1883   1.0031
1884   0.9282
1885   0.8415
1886   0.7565
1887   0.6836
1888   0.6303
1889   0.6057
1890   0.6128
1891   0.6479
1892   0.7012
1893   0.7619
1894   0.8253
1895   0.8889
1896   0.9473
1897   0.9923
1898   1.0164
1899   1.0189
1900   1.0026
1901   0.9732
1902   0.9388
1903   0.9044
1904   0.8731
1905   0.8471
1906   0.8295
1907   0.8278
1908   0.8466
1909   0.8858
1910   0.9419
1911   1.0115
1912   1.0910
1913   1.1749
1914   1.2546
1915   1.3208
1916   1.3642
1917   1.3770
1918   1.3539
1919   1.2935
1920   1.2018
1921   1.0902
1922   0.9713
1923   0.8549
1924   0.7473
1925   0.6504
1926   0.5617
1927   0.4793
1928   0.4070
1929   0.3452
1930   0.2879
1931   0.2262
1932   0.1468
1933   0.0401
1934  -0.0985
1935  -0.2642
1936  -0.4476
1937  -0.6383
1938  -0.8275
1939  -1.0019
1940  -1.1457
1941  -1.2441
1942  -1.2901
1943  -1.2877
1944  -1.2511
1945  -1.1999
1946  -1.1511
1947  -1.1109
1948  -1.0838
1949  -1.0765
1950  -1.0961
1951  -1.1434
1952  -1.2118
1953  -1.2956
1954  -1.3863
1955  -1.4761
1956  -1.5651
1957  -1.6637
1958  -1.7825
1959  -1.9251
1960  -2.0855
1961  -2.2490
1962  -2.3990
1963  -2.5176
1964  -2.5896
1965  -2.6075
1966  -2.5685
1967  -2.4754
1968  -2.3332
1969  -2.1504
1970  -1.9431
1971  -1.7279
1972  -1.5148
1973  -1.3044
1974  -1.0860
1975  -0.8459
1976  -0.5723
1977  -0.2575
1978   0.0972
1979   0.4825
1980   0.8780
1981   1.2547
1982   1.5850
1983   1.8528
1984   2.0496
1985   2.1767
1986   2.2438
1987   2.2667
1988   2.2634
1989   2.2548
1990   2.2591
1991   2.2890
1992   2.3501
1993   2.4389
1994   2.5465
1995   2.6641
