    0.0000   1.09094    
    1.0000 -0.777487    
    2.0000 -0.206201    
    3.0000  -1.05506    
    4.0000 -0.499487    
    5.0000  0.445513    
    6.0000   1.83551    
    7.0000  -1.57749    
    8.0000 -0.644487    
    9.0000 -0.126344    
   10.0000  0.448656    
   11.0000 -0.672201    
   12.0000  -1.69263    
   13.0000  -1.28063    
   14.0000  -2.29206    
   15.0000  -6.54534    
   16.0000  -3.94749    
   17.0000 -0.814487    
   18.0000   1.93009    
   19.0000  0.682370    
   20.0000 -0.801915    
   21.0000 -0.141487    
   22.0000  -1.20134    
   23.0000   2.92680    
   24.0000  -1.68449    
   25.0000  -1.42406    
   26.0000   2.01137    
   27.0000  -1.71549    
   28.0000  0.374085    
   29.0000  -1.53663    
   30.0000 -0.200487    
   31.0000   2.53109    
   32.0000   5.03280    
   33.0000   2.90508    
   34.0000   5.46294    
   35.0000   2.57180    
   36.0000   2.14837    
   37.0000  -5.83463    
   38.0000  0.832656    
   39.0000  0.514228    
   40.0000 -0.967344    
   41.0000  0.389085    
   42.0000  -4.11391    
   43.0000  0.927990E-01
   44.0000  -2.63291    
   45.0000  0.929942    
   46.0000 -0.978773    
   47.0000  0.720847E-01
   48.0000  -1.45749    
   49.0000  -2.10077    
   50.0000   2.03494    
   51.0000 -0.129153E-01
   52.0000 -0.353201    
   53.0000  -5.91406    
   54.0000  -1.21363    
   55.0000  0.715799    
   56.0000  -1.53163    
   57.0000  -2.84049    
   58.0000   1.05308    
   59.0000  0.735227    
   60.0000  0.529085    
   61.0000   1.86723    
   62.0000   2.23823    
   63.0000   1.77137    
   64.0000  -1.59777    
   65.0000  -2.17863    
   66.0000   1.38137    
   67.0000   2.20137    
   68.0000   1.05408    
   69.0000  -4.31763    
   70.0000  -3.90963    
   71.0000 -0.802773    
   72.0000   1.32708    
   73.0000 -0.834058    
   74.0000  0.369656    
   75.0000 -0.772487    
   76.0000  0.664227    
   77.0000   2.37666    
   78.0000   5.19966    
   79.0000   3.45194    
   80.0000  -1.39991    
   81.0000  0.445228    
   82.0000   2.31609    
   83.0000  0.458799    
   84.0000  0.390085    
   85.0000  -1.70191    
   86.0000  0.497989E-01
   87.0000 -0.810630    
   88.0000 -0.445344    
   89.0000   2.82809    
   90.0000   1.55194    
   91.0000   1.27323    
   92.0000 -0.204058    
   93.0000 -0.794201    
   94.0000 -0.542010E-01
   95.0000  -1.19734    
   96.0000   1.63309    
   97.0000   1.89709    
   98.0000   2.76766    
   99.0000   6.92437    
  100.0000  -2.88677    
  101.0000  0.490942    
  102.0000  -3.64134    
  103.0000  -2.75763    
  104.0000  -2.73149    
  105.0000  -3.01963    
  106.0000 -0.424630    
  107.0000  0.913227    
  108.0000 -0.955487    
  109.0000  -5.30249    
  110.0000   1.48037    
  111.0000  0.352276E-01
  112.0000  -1.78734    
  113.0000 -0.347487    
  114.0000  0.446656    
  115.0000   1.30408    
  116.0000 -0.996915    
  117.0000  -1.15577    
  118.0000  -1.57320    
  119.0000   1.82866    
  120.0000 -0.144201    
  121.0000   4.18251    
  122.0000   1.21923    
  123.0000  -3.05691    
  124.0000  0.350370    
  125.0000  0.557942    
  126.0000  -1.93091    
  127.0000 -0.754487    
  128.0000  -1.44720    
  129.0000  -2.27620    
  130.0000  0.858799    
  131.0000  -4.22334    
  132.0000   2.99780    
  133.0000  -1.70477    
  134.0000 -0.904201    
  135.0000  -2.80220    
  136.0000 -0.385630    
  137.0000  -2.90120    
  138.0000 -0.336630    
  139.0000  0.970848E-01
  140.0000 -0.956915    
  141.0000  0.162227    
  142.0000   1.05751    
  143.0000  -3.61049    
  144.0000  -4.83163    
  145.0000  -3.93177    
  146.0000  -1.81049    
  147.0000  -4.17806    
  148.0000 -0.400058    
  149.0000  -2.17949    
  150.0000  -2.99949    
  151.0000 -0.353772    
  152.0000  -1.62006    
  153.0000  0.715656    
  154.0000  -2.21549    
  155.0000   3.15109    
  156.0000   2.75266    
  157.0000  -2.65234    
  158.0000  -2.79377    
  159.0000  -2.39934    
  160.0000  -2.13691    
  161.0000  -2.52191    
  162.0000  -4.30091    
  163.0000  0.659370    
  164.0000  -1.47791    
  165.0000  -2.06991    
  166.0000  0.771656    
  167.0000  0.387656    
  168.0000  -2.03577    
  169.0000 -0.288487    
  170.0000   3.43380    
  171.0000   2.20823    
  172.0000 -0.995344    
  173.0000  -2.06277    
  174.0000  -3.14363    
  175.0000  -1.99191    
  176.0000  -3.59320    
  177.0000 -0.531201    
  178.0000  -2.01791    
  179.0000 -0.443630    
  180.0000 -0.552344    
  181.0000  -3.58892    
  182.0000   1.18194    
  183.0000   1.85309    
  184.0000  0.944085    
  185.0000   1.93823    
  186.0000   1.16237    
  187.0000  0.690942    
  188.0000 -0.879201    
  189.0000   1.24751    
  190.0000  -1.72377    
  191.0000   3.48094    
  192.0000 -0.917724E-01
  193.0000   3.09923    
  194.0000   1.71008    
  195.0000  -2.01249    
  196.0000   1.28380    
  197.0000  0.582275E-01
  198.0000  0.801370    
  199.0000  0.431513    
  200.0000 -0.211630    
  201.0000  -1.92263    
  202.0000  -1.13506    
  203.0000  0.170085    
  204.0000 -0.471344    
  205.0000  0.120085    
  206.0000   2.40580    
  207.0000  -3.53591    
  208.0000  -1.62391    
  209.0000  -1.69049    
  210.0000  0.914624    
  211.0000   2.02407    
  212.0000   1.86740    
  213.0000  0.416179    
  214.0000  -2.88804    
  215.0000  -2.81460    
  216.0000   1.71185    
  217.0000   2.63696    
  218.0000 -0.298154    
  219.0000  -1.21504    
  220.0000  -1.36504    
  221.0000  0.657290    
  222.0000  -1.53615    
  223.0000  -1.48738    
  224.0000   1.00951    
  225.0000 -0.638265    
  226.0000  -3.91982    
  227.0000   1.92451    
  228.0000   3.27540    
  229.0000  0.748624    
  230.0000  -1.83460    
  231.0000  -2.59371    
  232.0000   2.73862    
  233.0000  -1.36438    
  234.0000  -2.28138    
  235.0000  -4.06704    
  236.0000 -0.180599    
  237.0000  0.210735    
  238.0000  -2.73460    
  239.0000 -0.912932    
  240.0000   1.87218    
  241.0000   1.19474    
  242.0000 -0.517821    
  243.0000  -2.34860    
  244.0000 -0.328710    
  245.0000  -2.39638    
  246.0000  0.543179    
  247.0000   1.14362    
  248.0000  -3.17593    
  249.0000 -0.823376    
  250.0000 -0.676043    
  251.0000 -0.124376    
  252.0000  0.814846    
  253.0000 -0.743376    
  254.0000   1.90374    
  255.0000  -1.57682    
  256.0000  0.376291    
  257.0000  0.389846    
  258.0000 -0.857154    
  259.0000   1.37051    
  260.0000 -0.135265    
  261.0000  -3.73949    
  262.0000  -2.51349    
  263.0000 -0.519317E-01
  264.0000  0.955735    
  265.0000 -0.329710    
  266.0000  0.330179    
  267.0000   2.66896    
  268.0000   5.92096    
  269.0000   2.40974    
  270.0000  0.708846    
  271.0000 -0.626510E-02
  272.0000  0.414290    
  273.0000   4.33651    
  274.0000  -2.89782    
  275.0000  -1.38993    
  276.0000   3.91174    
  277.0000   1.42807    
  278.0000   1.07462    
  279.0000  -3.79004    
  280.0000   3.98351    
  281.0000   2.64707    
  282.0000   2.76785    
  283.0000   2.18662    
  284.0000  0.292291    
  285.0000  -1.87026    
  286.0000 -0.260599    
  287.0000   1.30007    
  288.0000  0.962846    
  289.0000   2.80851    
  290.0000  0.864291    
  291.0000  -2.93904    
  292.0000 -0.404821    
  293.0000  -1.55538    
  294.0000  -4.72615    
  295.0000   2.70462    
  296.0000  0.521402    
  297.0000 -0.841598    
  298.0000   1.27085    
  299.0000   1.43607    
  300.0000 -0.362821    
  301.0000  0.742624    
  302.0000  -2.00760    
  303.0000 -0.205709    
  304.0000   3.73951    
  305.0000 -0.516376    
  306.0000  -1.04649    
  307.0000 -0.865599    
  308.0000  -1.04760    
  309.0000  0.910513    
  310.0000   1.22073    
  311.0000   3.01496    
  312.0000 -0.918265    
  313.0000 -0.920154    
  314.0000   3.05496    
  315.0000  0.116179    
  316.0000   1.08196    
  317.0000   1.08140    
  318.0000  0.876291    
  319.0000  0.979402    
  320.0000  -4.60726    
  321.0000  -3.30993    
  322.0000 -0.221487    
  323.0000 -0.753376    
  324.0000  -1.66171    
  325.0000   1.34729    
  326.0000 -0.381598    
  327.0000  0.201735    
  328.0000 -0.188154    
  329.0000  0.393735    
  330.0000  0.884735    
  331.0000  0.912402    
  332.0000  0.149624    
  333.0000  -2.16982    
  334.0000   1.41740    
  335.0000  0.548735    
  336.0000  0.677350E-01
  337.0000  0.339735    
  338.0000   1.35418    
  339.0000 -0.299598    
  340.0000  -3.34549    
  341.0000 -0.264376    
  342.0000 -0.443710    
  343.0000   1.11029    
  344.0000  -2.99071    
  345.0000  0.543513    
  346.0000   1.12807    
  347.0000  0.337402    
  348.0000  0.508291    
  349.0000  0.594068    
  350.0000   1.16829    
  351.0000   1.32474    
  352.0000   1.60040    
  353.0000  0.129179    
  354.0000  0.839624    
  355.0000   2.66774    
  356.0000  0.467349E-01
  357.0000  0.884068    
  358.0000  0.929624    
  359.0000  -2.90604    
  360.0000   1.33907    
  361.0000  -3.21826    
  362.0000 -0.576932    
  363.0000  -1.07993    
  364.0000  -1.55882    
  365.0000 -0.321951    
  366.0000 -0.743666    
  367.0000  0.277629E-01
  368.0000 -0.630850E-02
  369.0000  -2.27902    
  370.0000  -2.57938    
  371.0000   1.00841    
  372.0000  0.743620    
  373.0000  0.556201E-01
  374.0000   2.76948    
  375.0000  0.379906    
  376.0000 -0.358880    
  377.0000 -0.439237    
  378.0000  -1.15245    
  379.0000  0.630263    
  380.0000  0.949120    
  381.0000   1.32191    
  382.0000  0.129477    
  383.0000  0.496692    
  384.0000  0.578263    
  385.0000  -2.69374    
  386.0000  -2.01531    
  387.0000 -0.442371E-01
  388.0000 -0.492951    
  389.0000  0.101620    
  390.0000 -0.408666    
  391.0000  -1.76202    
  392.0000  -1.49731    
  393.0000  0.482191    
  394.0000   1.61283    
  395.0000   1.67919    
  396.0000  0.639406    
  397.0000 -0.577951    
  398.0000  -1.44709    
  399.0000  -1.23659    
  400.0000  -1.68509    
  401.0000 -0.216657E-01
  402.0000  -1.80595    
  403.0000  -1.78688    
  404.0000 -0.673523    
  405.0000 -0.457809    
  406.0000 -0.630737    
  407.0000 -0.435309    
  408.0000   1.30205    
  409.0000  0.140486E-01
  410.0000  0.395977    
  411.0000  0.357049    
  412.0000 -0.174737    
  413.0000  0.841191    
  414.0000 -0.458023    
  415.0000  -1.20095    
  416.0000 -0.576309    
  417.0000 -0.298451    
  418.0000 -0.973523    
  419.0000  -1.58588    
  420.0000  -1.83267    
  421.0000  0.304977    
  422.0000   1.68055    
  423.0000   1.04098    
  424.0000  0.506263    
  425.0000  0.954406    
  426.0000  -2.11452    
  427.0000  -1.26381    
  428.0000  0.645477    
  429.0000  0.485049    
  430.0000  0.952334    
  431.0000  -2.32909    
  432.0000  0.669406    
  433.0000   2.82269    
  434.0000  0.881620    
  435.0000  0.774772E-01
  436.0000 -0.329308    
  437.0000  -1.32988    
  438.0000 -0.343809    
  439.0000 -0.854809    
  440.0000 -0.747023    
  441.0000  0.210049    
  442.0000  -1.52995    
  443.0000  0.364977    
  444.0000 -0.685737    
  445.0000  0.625477    
  446.0000  -2.15674    
  447.0000  -1.95702    
  448.0000 -0.291166    
  449.0000  -1.31217    
  450.0000   1.30469    
  451.0000 -0.291237    
  452.0000 -0.561380    
  453.0000 -0.362023    
  454.0000   1.31305    
  455.0000  -2.13281    
  456.0000  -1.01602    
  457.0000 -0.509880    
  458.0000 -0.920943E-01
  459.0000   1.04548    
  460.0000  -1.39367    
  461.0000  -1.29431    
  462.0000  0.185620    
  463.0000  -1.23117    
  464.0000  0.825763    
  465.0000   1.03291    
  466.0000 -0.740942E-01
  467.0000 -0.695380    
  468.0000   1.91069    
  469.0000  0.157834    
  470.0000  0.633977    
  471.0000  0.124763    
  472.0000  -1.08838    
  473.0000  -1.63059    
  474.0000 -0.910094    
  475.0000  0.278120    
  476.0000 -0.822951    
  477.0000   1.00912    
  478.0000  -1.37659    
  479.0000 -0.468085E-01
  480.0000   1.16383    
  481.0000  0.437691    
  482.0000  0.831549    
  483.0000  0.683549    
  484.0000   1.87319    
  485.0000 -0.765237    
  486.0000  -1.77067    
  487.0000 -0.384166    
  488.0000  -2.38309    
  489.0000  0.715834    
  490.0000  0.628620    
  491.0000 -0.327594    
  492.0000 -0.165701E-03
  493.0000  -1.20881    
  494.0000   1.76133    
  495.0000   2.27898    
  496.0000   1.28476    
  497.0000 -0.717666    
  498.0000   1.10055    
  499.0000   1.45133    
  500.0000  -1.39852    
  501.0000 -0.404809    
  502.0000   1.45998    
  503.0000   1.68305    
  504.0000  0.922263    
  505.0000  -1.07331    
  506.0000  -1.26852    
  507.0000  -1.18731    
  508.0000  -1.32067    
  509.0000   1.15262    
  510.0000  0.172263    
  511.0000 -0.519594    
  512.0000 -0.299094    
  513.0000  -1.12109    
  514.0000 -0.502666    
  515.0000 -0.852951    
  516.0000  -2.13131    
  517.0000  -1.19159    
  518.0000 -0.763308    
  519.0000 -0.503451    
  520.0000  -1.98259    
  521.0000  0.899834    
  522.0000   1.10483    
  523.0000   2.17191    
  524.0000  0.741620    
  525.0000  0.786406    
  526.0000  -3.33474    
  527.0000  -1.26374    
  528.0000  0.454549    
  529.0000 -0.282594    
  530.0000  0.521200E-01
  531.0000 -0.709237    
  532.0000   1.36698    
  533.0000 -0.162094    
  534.0000  0.434049    
  535.0000 -0.853737    
  536.0000  0.285977    
  537.0000   1.93369    
  538.0000  0.749620    
  539.0000 -0.758594    
  540.0000  0.321834    
  541.0000 -0.164451    
  542.0000  -2.80624    
  543.0000  -1.93459    
  544.0000  0.491334    
  545.0000 -0.554594    
  546.0000   2.19912    
  547.0000   1.79476    
  548.0000  0.941120    
  549.0000   1.26076    
  550.0000  0.290049    
  551.0000   1.26741    
  552.0000  0.798549    
  553.0000 -0.252737    
  554.0000  -2.78481    
  555.0000  0.742191    
  556.0000 -0.885880    
  557.0000  0.831692    
  558.0000 -0.264237    
  559.0000 -0.215309    
  560.0000 -0.368809    
  561.0000  -1.13745    
  562.0000  0.383263    
  563.0000  -3.13195    
  564.0000  0.251834    
  565.0000  -2.31102    
  566.0000  0.434406    
  567.0000   1.65955    
  568.0000  -1.78395    
  569.0000  -1.97045    
  570.0000  -1.18302    
  571.0000  0.613406    
  572.0000 -0.310228E-01
  573.0000  0.192263    
  574.0000  0.992620    
  575.0000   2.20119    
  576.0000  0.910977    
  577.0000  0.623549    
  578.0000  0.304691    
  579.0000  0.169191    
  580.0000 -0.197023    
  581.0000   1.23212    
  582.0000   1.02426    
  583.0000 -0.288086E-01
  584.0000  -1.69645    
  585.0000 -0.353594    
  586.0000  0.119057E-01
  587.0000  0.427406    
  588.0000  -2.32081    
  589.0000   1.74783    
  590.0000  -1.33881    
  591.0000  -2.77438    
  592.0000   1.61919    
  593.0000  0.702620    
  594.0000  0.330906    
  595.0000  0.747549    
  596.0000 -0.752380    
  597.0000  0.231191    
  598.0000   1.73245    
  599.0000 -0.339288    
  600.0000   1.74091    
  601.0000   1.25998    
  602.0000  0.170312    
  603.0000  -1.33142    
  604.0000  -1.49462    
  605.0000  0.556179    
  606.0000  -1.50782    
  607.0000 -0.348154    
  608.0000   1.86418    
  609.0000  0.204979    
  610.0000 -0.544221    
  611.0000  -2.65915    
  612.0000 -0.473954    
  613.0000  -1.11049    
  614.0000 -0.611621    
  615.0000  -1.62629    
  616.0000  0.110379    
  617.0000  0.463512    
  618.0000   1.38705    
  619.0000 -0.356488    
  620.0000  -1.58122    
  621.0000   2.06911    
  622.0000   2.66931    
  623.0000  0.314312    
  624.0000 -0.792877E-01
  625.0000  -1.78009    
  626.0000 -0.710421    
  627.0000 -0.119688    
  628.0000   1.21991    
  629.0000   1.07405    
  630.0000  -1.83756    
  631.0000  0.589379    
  632.0000  0.900379    
  633.0000  -1.15702    
  634.0000 -0.888821    
  635.0000  0.939123E-01
  636.0000   2.78838    
  637.0000  0.831912    
  638.0000 -0.376621    
  639.0000 -0.696088    
  640.0000  -1.05529    
  641.0000   1.36105    
  642.0000  -1.11382    
  643.0000  -1.08075    
  644.0000 -0.933554    
  645.0000  -3.25095    
  646.0000  -1.51302    
  647.0000 -0.796088    
  648.0000  -1.13402    
  649.0000   1.12151    
  650.0000 -0.946878E-01
  651.0000 -0.656954    
  652.0000  0.453712    
  653.0000 -0.212877E-01
  654.0000 -0.721754    
  655.0000  0.803445    
  656.0000  0.716979    
  657.0000 -0.437888    
  658.0000  -1.34175    
  659.0000  -1.72822    
  660.0000  -2.08329    
  661.0000  -1.94055    
  662.0000   1.00265    
  663.0000 -0.786221    
  664.0000  -1.81849    
  665.0000 -0.203754    
  666.0000 -0.562888    
  667.0000  0.460046    
  668.0000   1.15551    
  669.0000 -0.783754    
  670.0000  0.126979    
  671.0000  0.400246    
  672.0000 -0.490621    
  673.0000  0.789245    
  674.0000  0.592112    
  675.0000  0.272979    
  676.0000 -0.105688    
  677.0000  -2.88849    
  678.0000  -1.48309    
  679.0000  0.985445    
  680.0000 -0.287688    
  681.0000 -0.870354    
  682.0000   1.18891    
  683.0000  0.995312    
  684.0000   1.98185    
  685.0000  0.379779    
  686.0000  -2.18389    
  687.0000 -0.304088    
  688.0000   1.77638    
  689.0000   2.70411    
  690.0000  0.902646    
  691.0000   1.05391    
  692.0000 -0.190877E-01
  693.0000  0.474179    
  694.0000  0.253579    
  695.0000   1.30945    
  696.0000 -0.308877E-01
  697.0000  0.431112    
  698.0000  -1.85336    
  699.0000  -1.26469    
  700.0000  0.255046    
  701.0000 -0.244154    
  702.0000 -0.432210E-01
  703.0000 -0.248210E-01
  704.0000  -2.29169    
  705.0000 -0.797288    
  706.0000  -1.99722    
  707.0000  -2.06122    
  708.0000   1.31551    
  709.0000  -1.26002    
  710.0000 -0.112554    
  711.0000  -1.09769    
  712.0000  -2.70669    
  713.0000  0.112206E-03
  714.0000  0.390179    
  715.0000  0.637779    
  716.0000 -0.197288    
  717.0000 -0.908421    
  718.0000  -1.04969    
  719.0000 -0.145488    
  720.0000 -0.494288    
  721.0000 -0.214688    
  722.0000 -0.379554    
  723.0000 -0.282621    
  724.0000 -0.439021    
  725.0000   3.13191    
  726.0000   1.97238    
  727.0000   1.09078    
  728.0000   1.75025    
  729.0000  0.804456E-01
  730.0000   2.65298    
  731.0000   1.99151    
  732.0000  0.971046    
  733.0000 -0.354878E-01
  734.0000 -0.258621    
  735.0000 -0.674354    
  736.0000 -0.802954    
  737.0000  0.700712    
  738.0000  -2.80815    
  739.0000  -2.23595    
  740.0000  0.171712    
  741.0000 -0.689354    
  742.0000 -0.820754    
  743.0000 -0.752021    
  744.0000  0.460912    
  745.0000  0.431179    
  746.0000   1.12451    
  747.0000  0.379912    
  748.0000  -2.30775    
  749.0000 -0.406211E-01
  750.0000  -1.00635    
  751.0000  -2.06249    
  752.0000  0.203979    
  753.0000  0.990457E-01
  754.0000  0.467123E-01
  755.0000 -0.544210E-01
  756.0000 -0.822021    
  757.0000  -1.75215    
  758.0000  0.344912    
  759.0000  0.512979    
  760.0000  0.687123E-01
  761.0000 -0.137421    
  762.0000 -0.251543E-01
  763.0000 -0.110154    
  764.0000  0.167579    
  765.0000   1.60851    
  766.0000   1.68378    
  767.0000  0.123112    
  768.0000   1.20825    
  769.0000  0.734846    
  770.0000  -1.20315    
  771.0000 -0.537543E-01
  772.0000  0.691579    
  773.0000 -0.531221    
  774.0000  -1.24989    
  775.0000 -0.428210E-01
  776.0000  0.342046    
  777.0000 -0.133621    
  778.0000 -0.460354    
  779.0000  -1.67422    
  780.0000   1.44278    
  781.0000  0.955179    
  782.0000  -1.47042    
  783.0000 -0.364621    
  784.0000   2.49471    
  785.0000   2.23398    
  786.0000 -0.781021    
  787.0000  0.786979    
  788.0000 -0.751488    
  789.0000  0.386446    
  790.0000  0.266312    
  791.0000 -0.553888    
  792.0000 -0.868210E-01
  793.0000  0.159846    
  794.0000 -0.487088    
  795.0000  -1.39895    
  796.0000 -0.700221    
  797.0000  -1.78276    
  798.0000  0.670446    
  799.0000 -0.473821    
  800.0000   1.70605    
  801.0000  0.991646    
  802.0000   1.12705    
  803.0000   2.50391    
  804.0000  0.966379    
  805.0000 -0.432877E-01
  806.0000 -0.741754    
  807.0000  -2.35082    
  808.0000  -1.16755    
  809.0000  -4.96122    
  810.0000 -0.962099E-02
  811.0000  0.169246    
  812.0000  0.731646    
  813.0000  0.649712    
  814.0000  0.416712    
  815.0000  0.893046    
  816.0000  -1.01649    
  817.0000  -2.45675    
  818.0000  -1.36009    
  819.0000  -2.87269    
  820.0000   1.25818    
  821.0000   3.57991    
  822.0000   1.95531    
  823.0000  -3.50782    
  824.0000  -2.14989    
  825.0000  -1.40355    
  826.0000  0.714312    
  827.0000  0.112846    
  828.0000  0.573246    
  829.0000  -2.10282    
  830.0000  -2.11369    
  831.0000  0.430712    
  832.0000  0.252912    
  833.0000  0.263112    
  834.0000  0.556312    
  835.0000  -2.06635    
  836.0000 -0.608877E-01
  837.0000  -1.32455    
  838.0000  0.604456E-01
  839.0000  -1.00195    
  840.0000  -1.07535    
  841.0000 -0.972888    
  842.0000  0.953179    
  843.0000   2.05445    
  844.0000  0.276179    
  845.0000  0.604112    
  846.0000  0.275579    
  847.0000  -2.73695    
  848.0000 -0.349021    
  849.0000  -1.17369    
  850.0000 -0.506754    
  851.0000  -1.02155    
  852.0000  0.196846    
  853.0000  0.307912    
  854.0000  0.433579    
  855.0000 -0.471088    
  856.0000  0.497046    
  857.0000  -1.55802    
  858.0000  0.893712    
  859.0000 -0.243488    
  860.0000 -0.161088    
  861.0000  0.519790E-01
  862.0000  0.434779    
  863.0000  0.357579    
  864.0000 -0.704354    
  865.0000  -1.35449    
  866.0000  0.217246    
  867.0000  -2.24075    
  868.0000  -2.48775    
  869.0000  0.846779    
  870.0000 -0.830421    
  871.0000 -0.697288    
  872.0000  -1.65435    
  873.0000 -0.133154    
  874.0000  -1.58329    
  875.0000  -1.62215    
  876.0000 -0.674877E-01
  877.0000  -1.15655    
  878.0000  -1.29662    
  879.0000  0.568912    
  880.0000 -0.694954    
  881.0000 -0.155554    
  882.0000  -1.57415    
  883.0000  -1.57649    
  884.0000  -1.88235    
  885.0000  0.872246    
  886.0000  0.240246    
  887.0000 -0.423821    
  888.0000   1.09965    
  889.0000 -0.486154    
  890.0000  0.598779    
  891.0000 -0.516421    
  892.0000  -1.01842    
  893.0000  0.588312    
  894.0000  0.613779    
  895.0000 -0.337754    
  896.0000   1.61245    
  897.0000  0.997312    
  898.0000  0.261246    
  899.0000   1.18785    
  900.0000  -1.12395    
  901.0000  -1.55102    
  902.0000  0.803790E-01
  903.0000  -1.19855    
  904.0000   1.04318    
  905.0000   1.33998    
  906.0000  -2.88782    
  907.0000  -3.16282    
  908.0000  0.837112    
  909.0000  0.699579    
  910.0000 -0.276821    
  911.0000   1.80991    
  912.0000  0.175123E-01
  913.0000  -1.29995    
  914.0000  0.135779    
  915.0000  0.734246    
  916.0000  0.281246    
  917.0000   1.18725    
  918.0000  0.102912    
  919.0000 -0.285554    
  920.0000 -0.708532    
  921.0000  0.948182E-01
  922.0000  -1.05773    
  923.0000 -0.311182    
  924.0000  -2.34548    
  925.0000  0.263518    
  926.0000   1.06662    
  927.0000 -0.683582    
  928.0000  0.168718    
  929.0000   1.17612    
  930.0000  -1.45908    
  931.0000  0.187968    
  932.0000  0.282918    
  933.0000  0.389418    
  934.0000   2.39352    
  935.0000  0.105168    
  936.0000   1.03832    
  937.0000  0.518418    
  938.0000  0.740618    
  939.0000 -0.617282    
  940.0000 -0.518532    
  941.0000   1.64907    
  942.0000   1.36452    
  943.0000 -0.641982    
  944.0000 -0.769532    
  945.0000  0.279268    
  946.0000 -0.197782    
  947.0000 -0.892482    
  948.0000 -0.950632    
  949.0000 -0.221182    
  950.0000 -0.146482    
  951.0000 -0.524932    
  952.0000  -1.09958    
  953.0000  -1.06303    
  954.0000  -1.76188    
  955.0000  0.678681E-01
  956.0000  0.916418    
  957.0000  -1.61453    
  958.0000  -1.21298    
  959.0000   2.09562    
  960.0000  0.193318    
  961.0000  -1.36458    
  962.0000 -0.145932    
  963.0000  0.640468    
  964.0000 -0.521132    
  965.0000  0.181618    
  966.0000   1.11062    
  967.0000 -0.600432    
  968.0000 -0.421982    
  969.0000  -2.58993    
  970.0000  0.112218    
  971.0000 -0.854819E-01
  972.0000 -0.367032    
  973.0000   2.28997    
  974.0000  0.193718    
  975.0000  -2.99138    
  976.0000 -0.957319E-01
  977.0000 -0.589319E-01
  978.0000 -0.856482    
  979.0000  -1.06663    
  980.0000  -3.63258    
  981.0000  -3.89198    
  982.0000 -0.261732    
  983.0000 -0.860682    
  984.0000 -0.122482    
  985.0000  0.629118    
  986.0000  0.992668    
  987.0000  0.872618    
  988.0000   1.35857    
  989.0000   2.54837    
  990.0000 -0.258432    
  991.0000 -0.254182    
  992.0000  -1.41603    
  993.0000  -1.65433    
  994.0000  0.134218    
  995.0000  0.588768    
  996.0000  0.261168    
  997.0000  0.707318    
  998.0000 -0.453192E-02
  999.0000 -0.555282    
 1000.0000  0.600768    
 1001.0000  -1.31628    
 1002.0000  0.446968    
 1003.0000 -0.771382    
 1004.0000  0.586218    
 1005.0000  -2.48683    
 1006.0000 -0.529320E-01
 1007.0000   1.10942    
 1008.0000  0.154918    
 1009.0000 -0.630632    
 1010.0000 -0.718682    
 1011.0000 -0.939632    
 1012.0000  -1.28958    
 1013.0000 -0.943182    
 1014.0000  -1.98593    
 1015.0000 -0.181132    
 1016.0000  0.643818    
 1017.0000  0.696668    
 1018.0000  0.475818    
 1019.0000 -0.309032    
 1020.0000  0.750318    
 1021.0000  0.639068    
 1022.0000  0.863618    
 1023.0000   1.30507    
 1024.0000   1.16927    
 1025.0000 -0.289182    
 1026.0000  0.544118    
 1027.0000 -0.588932    
 1028.0000 -0.380582    
 1029.0000  0.191181E-01
 1030.0000 -0.293032    
 1031.0000  0.456818    
 1032.0000  0.101718    
 1033.0000 -0.685819E-01
 1034.0000 -0.133632    
 1035.0000  -1.85623    
 1036.0000  0.103468    
 1037.0000  0.854868    
 1038.0000  0.503718    
 1039.0000 -0.231832    
 1040.0000 -0.156032    
 1041.0000  -1.28838    
 1042.0000  0.305468    
 1043.0000 -0.787582    
 1044.0000  -1.66853    
 1045.0000 -0.431282    
 1046.0000  -1.61658    
 1047.0000 -0.492582    
 1048.0000  -1.65093    
 1049.0000 -0.896819E-01
 1050.0000  0.600318    
 1051.0000  0.212168    
 1052.0000   2.40747    
 1053.0000   1.04047    
 1054.0000   1.22567    
 1055.0000  -1.06133    
 1056.0000 -0.111782    
 1057.0000  0.655568    
 1058.0000  0.402018    
 1059.0000  0.888180E-01
 1060.0000  0.855118    
 1061.0000  0.571718    
 1062.0000  -1.32613    
 1063.0000  0.842218    
 1064.0000   1.47052    
 1065.0000   2.53162    
 1066.0000  0.713368    
 1067.0000  -1.25973    
 1068.0000  -1.89473    
 1069.0000 -0.295132    
 1070.0000 -0.422819E-01
 1071.0000 -0.651982    
 1072.0000  0.225568    
 1073.0000 -0.216032    
 1074.0000  0.240681E-01
 1075.0000  0.598268    
 1076.0000   1.02117    
 1077.0000  0.641868    
 1078.0000  0.626718    
 1079.0000   2.35022    
 1080.0000   1.28857    
 1081.0000  0.332181E-01
 1082.0000   1.15737    
 1083.0000 -0.528582    
 1084.0000  0.540068    
 1085.0000 -0.946382    
 1086.0000  0.383918    
 1087.0000   1.62252    
 1088.0000  0.875968    
 1089.0000  0.460668    
 1090.0000  -2.13438    
 1091.0000 -0.517732    
 1092.0000 -0.120532    
 1093.0000  -1.32838    
 1094.0000  0.189618    
 1095.0000   1.19157    
 1096.0000  0.990318    
 1097.0000 -0.375882    
 1098.0000  -1.10828    
 1099.0000 -0.622682    
 1100.0000  0.563768    
 1101.0000 -0.593832    
 1102.0000   1.13257    
 1103.0000  0.990468    
 1104.0000 -0.965682    
 1105.0000 -0.903832    
 1106.0000 -0.173532    
 1107.0000 -0.716782    
 1108.0000 -0.916382    
 1109.0000  0.692181E-01
 1110.0000  0.661818    
 1111.0000 -0.215482    
 1112.0000  0.788681E-01
 1113.0000  0.227568    
 1114.0000  0.910918    
 1115.0000 -0.783282    
 1116.0000   1.23142    
 1117.0000  0.989318    
 1118.0000   1.22742    
 1119.0000  0.992368    
 1120.0000   1.24887    
 1121.0000  0.810681E-01
 1122.0000   2.05887    
 1123.0000 -0.723132    
 1124.0000  0.444068    
 1125.0000  0.302518    
 1126.0000  -2.71873    
 1127.0000 -0.415582    
 1128.0000   1.13227    
 1129.0000  0.562168    
 1130.0000  -1.36248    
 1131.0000 -0.892582    
 1132.0000 -0.574382    
 1133.0000 -0.339682    
 1134.0000  -1.17528    
 1135.0000  -1.35948    
 1136.0000  0.533568    
 1137.0000  0.297818    
 1138.0000 -0.787582    
 1139.0000  0.970718    
 1140.0000  -1.02013    
 1141.0000   1.02217    
 1142.0000 -0.206882    
 1143.0000  -1.13953    
 1144.0000 -0.806182    
 1145.0000 -0.725032    
 1146.0000  -2.21138    
 1147.0000  -1.24798    
 1148.0000  -2.69948    
 1149.0000  -1.32308    
 1150.0000  -2.05443    
 1151.0000  -2.14853    
 1152.0000  0.703468    
 1153.0000  -1.51668    
 1154.0000  -1.13768    
 1155.0000 -0.309932    
 1156.0000  -1.22153    
 1157.0000  0.575318    
 1158.0000  -1.57028    
 1159.0000  0.936680E-01
 1160.0000   1.03567    
 1161.0000 -0.851582    
 1162.0000  0.374268    
 1163.0000  0.995768    
 1164.0000 -0.985932    
 1165.0000 -0.142432    
 1166.0000 -0.423932    
 1167.0000  0.523068    
 1168.0000  0.407968    
 1169.0000 -0.544318E-01
 1170.0000 -0.592932    
 1171.0000   1.06877    
 1172.0000  0.197968    
 1173.0000   1.09357    
 1174.0000  -1.16833    
 1175.0000 -0.488382    
 1176.0000  -1.38683    
 1177.0000  -1.69258    
 1178.0000  0.234018    
 1179.0000 -0.835132    
 1180.0000  0.170518    
 1181.0000  0.771168    
 1182.0000  -1.30663    
 1183.0000 -0.961882    
 1184.0000  0.591918    
 1185.0000 -0.823232    
 1186.0000  -2.11983    
 1187.0000  -1.67288    
 1188.0000 -0.373032    
 1189.0000 -0.260482    
 1190.0000   1.40352    
 1191.0000 -0.657820E-01
 1192.0000  0.663918    
 1193.0000  0.304368    
 1194.0000 -0.832282    
 1195.0000   2.02467    
 1196.0000  0.768268    
 1197.0000   1.17952    
 1198.0000  -1.45993    
 1199.0000  -1.31673    
 1200.0000  0.876768    
 1201.0000 -0.405319E-01
 1202.0000  0.190181E-01
 1203.0000   1.13177    
 1204.0000  0.384618    
 1205.0000  0.645718    
 1206.0000  0.161168    
 1207.0000  0.131268    
 1208.0000 -0.591932    
 1209.0000  0.657268    
 1210.0000 -0.535082    
 1211.0000  0.257918    
 1212.0000  0.117718    
 1213.0000 -0.399182    
 1214.0000  0.523518    
 1215.0000  -1.37328    
 1216.0000 -0.957732    
 1217.0000  -2.55993    
 1218.0000  -2.40098    
 1219.0000   1.37407    
 1220.0000  0.855868    
 1221.0000 -0.599532    
 1222.0000  0.560018    
 1223.0000 -0.540819E-01
 1224.0000 -0.227319E-01
 1225.0000 -0.152082    
 1226.0000   1.00712    
 1227.0000  -3.16283    
 1228.0000   1.27432    
 1229.0000  0.270068    
 1230.0000  -1.09598    
 1231.0000  0.195418    
 1232.0000  0.947318    
 1233.0000  -1.31913    
 1234.0000  -2.06653    
 1235.0000  0.189768    
 1236.0000  -2.94518    
 1237.0000  -1.47203    
 1238.0000  0.872218    
 1239.0000  0.627668    
 1240.0000  -1.36908    
 1241.0000  0.390118    
 1242.0000 -0.103532    
 1243.0000  0.235218    
 1244.0000 -0.108782    
 1245.0000 -0.764282    
 1246.0000 -0.690382    
 1247.0000  -1.50613    
 1248.0000  0.156118    
 1249.0000   1.87787    
 1250.0000 -0.255532    
 1251.0000  -1.50518    
 1252.0000 -0.398832    
 1253.0000  0.112368    
 1254.0000  -2.06253    
 1255.0000 -0.685732    
 1256.0000 -0.620832    
 1257.0000 -0.342882    
 1258.0000  -2.25413    
 1259.0000   1.65007    
 1260.0000  0.490468    
 1261.0000  0.437518    
 1262.0000  0.651018    
 1263.0000  -1.10333    
 1264.0000 -0.529632    
 1265.0000  0.780018    
 1266.0000  0.982668    
 1267.0000   2.03032    
 1268.0000   2.24142    
 1269.0000  0.799118    
 1270.0000 -0.866832    
 1271.0000  0.393318    
 1272.0000   1.05682    
 1273.0000 -0.936882    
 1274.0000 -0.366332    
 1275.0000  0.741768    
 1276.0000  -1.85928    
 1277.0000 -0.431432    
 1278.0000  -1.36413    
 1279.0000 -0.688732    
 1280.0000 -0.874382    
 1281.0000 -0.959482    
 1282.0000  0.853118    
 1283.0000  0.171681E-01
 1284.0000 -0.941182    
 1285.0000  -1.21228    
 1286.0000 -0.702132    
 1287.0000  -1.53558    
 1288.0000  -1.58163    
 1289.0000 -0.768319E-01
 1290.0000   1.01587    
 1291.0000  0.491518    
 1292.0000  -1.72008    
 1293.0000  0.565218    
 1294.0000 -0.647932    
 1295.0000 -0.932032    
 1296.0000 -0.830732    
 1297.0000 -0.793832    
 1298.0000   2.22907    
 1299.0000   1.15877    
 1300.0000  0.618168    
 1301.0000  0.837218    
 1302.0000  0.240968    
 1303.0000  0.297181E-01
 1304.0000 -0.451482    
 1305.0000  0.969868    
 1306.0000   1.20147    
 1307.0000  -1.26148    
 1308.0000 -0.405482    
 1309.0000  0.766968    
 1310.0000   1.56667    
 1311.0000   1.72627    
 1312.0000  0.727368    
 1313.0000   1.73287    
 1314.0000   2.10922    
 1315.0000 -0.131982    
 1316.0000  -2.12943    
 1317.0000  0.187668    
 1318.0000  0.718918    
 1319.0000   1.09902    
 1320.0000  0.696718    
 1321.0000   1.92902    
 1322.0000  0.174181E-01
 1323.0000 -0.814382    
 1324.0000  -1.03018    
 1325.0000  0.481318    
 1326.0000   1.20637    
 1327.0000  0.809518    
 1328.0000  -1.02518    
 1329.0000  -1.61603    
 1330.0000   2.23427    
 1331.0000   2.38257    
 1332.0000   1.83332    
 1333.0000   1.46887    
 1334.0000   1.64787    
 1335.0000  -1.42108    
 1336.0000  -1.05323    
 1337.0000   1.22687    
 1338.0000 -0.211182    
 1339.0000  0.718668    
 1340.0000 -0.908882    
 1341.0000   1.04937    
 1342.0000  0.307018    
 1343.0000  0.514918    
 1344.0000  0.208868    
 1345.0000  0.631468    
 1346.0000  0.203268    
 1347.0000  -2.25313    
 1348.0000  -1.35908    
 1349.0000 -0.420982    
 1350.0000  -1.54058    
 1351.0000  -1.36488    
 1352.0000 -0.846182    
 1353.0000   2.31802    
 1354.0000  0.709118    
 1355.0000  0.202268    
 1356.0000  0.833868    
 1357.0000   1.14022    
 1358.0000  0.406268    
 1359.0000   1.67372    
 1360.0000  -2.36458    
 1361.0000  -1.80228    
 1362.0000 -0.819332    
 1363.0000  0.559768    
 1364.0000  -1.33368    
 1365.0000 -0.967032    
 1366.0000   1.08582    
 1367.0000 -0.868082    
 1368.0000   1.70787    
 1369.0000  -1.34503    
 1370.0000  0.573568    
 1371.0000 -0.990319E-01
 1372.0000  0.603168    
 1373.0000  0.311218    
 1374.0000   1.00392    
 1375.0000 -0.296382    
 1376.0000  -1.11383    
 1377.0000  -1.08258    
 1378.0000  0.419718    
 1379.0000  -1.49528    
 1380.0000  0.589968    
 1381.0000 -0.328582    
 1382.0000 -0.886782    
 1383.0000   1.43027    
 1384.0000 -0.525332    
 1385.0000  0.175680E-01
 1386.0000  0.430868    
 1387.0000 -0.622482    
 1388.0000 -0.690882    
 1389.0000  -1.31333    
 1390.0000  -2.62483    
 1391.0000 -0.709682    
 1392.0000 -0.911982    
 1393.0000 -0.528582    
 1394.0000  0.377918    
 1395.0000  0.520318    
 1396.0000  0.663268    
 1397.0000 -0.924482    
 1398.0000 -0.484382    
 1399.0000  -2.31363    
 1400.0000 -0.383882    
 1401.0000 -0.907082    
 1402.0000  0.125768    
 1403.0000 -0.136532    
 1404.0000   1.98912    
 1405.0000  0.815568    
 1406.0000   1.49167    
 1407.0000  0.136968    
 1408.0000  0.826681E-01
 1409.0000  0.341068    
 1410.0000 -0.369382    
 1411.0000  -1.82268    
 1412.0000  0.420681E-01
 1413.0000  -1.65198    
 1414.0000   1.98077    
 1415.0000 -0.109282    
 1416.0000 -0.921832    
 1417.0000   1.22912    
 1418.0000   1.08022    
 1419.0000 -0.764082    
 1420.0000   1.01492    
 1421.0000  -1.55048    
 1422.0000 -0.203782    
 1423.0000 -0.453982    
 1424.0000  0.918018    
 1425.0000 -0.597832    
 1426.0000   1.08882    
 1427.0000  0.939818    
 1428.0000   1.38777    
 1429.0000  0.813268    
 1430.0000 -0.197582    
 1431.0000  0.182218    
 1432.0000  0.252968    
 1433.0000   1.61622    
 1434.0000  0.577318    
 1435.0000  0.770468    
 1436.0000  0.137618    
 1437.0000 -0.252032    
 1438.0000 -0.463132    
 1439.0000  -1.06098    
 1440.0000  0.155680E-01
 1441.0000  0.756618    
 1442.0000  -1.22323    
 1443.0000  0.578968    
 1444.0000  -1.52913    
 1445.0000 -0.829632    
 1446.0000 -0.699032    
 1447.0000  0.461918    
 1448.0000 -0.362382    
 1449.0000  -1.12098    
 1450.0000  -1.60673    
 1451.0000 -0.453332    
 1452.0000  -1.18563    
 1453.0000 -0.716932    
 1454.0000  -1.66623    
 1455.0000  -2.90403    
 1456.0000  -2.28008    
 1457.0000  -1.76298    
 1458.0000 -0.474032    
 1459.0000 -0.838032    
 1460.0000  -1.47408    
 1461.0000 -0.133190E-02
 1462.0000  0.866618    
 1463.0000 -0.679132    
 1464.0000  -2.36858    
 1465.0000 -0.857782    
 1466.0000   1.70707    
 1467.0000   1.15632    
 1468.0000  -1.67438    
 1469.0000 -0.480232    
 1470.0000  0.283218    
 1471.0000  -1.75678    
 1472.0000  -1.07708    
 1473.0000  -1.12943    
 1474.0000  -1.05888    
 1475.0000  -2.06863    
 1476.0000  0.134818    
 1477.0000  0.687368    
 1478.0000   1.20242    
 1479.0000 -0.352482    
 1480.0000 -0.553582    
 1481.0000  0.892181E-01
 1482.0000 -0.225318E-01
 1483.0000 -0.587782    
 1484.0000   1.52597    
 1485.0000  0.995418    
 1486.0000  0.943368    
 1487.0000 -0.971319E-01
 1488.0000 -0.513882    
 1489.0000 -0.309832    
 1490.0000   1.01822    
 1491.0000   1.37887    
 1492.0000 -0.809732    
 1493.0000   1.31697    
 1494.0000   1.27367    
 1495.0000  -1.65793    
 1496.0000  -2.13413    
 1497.0000  -1.20463    
 1498.0000   1.93522    
 1499.0000 -0.192682    
 1500.0000  -1.14628    
 1501.0000 -0.462682    
 1502.0000 -0.677082    
 1503.0000 -0.795232    
 1504.0000  0.451718    
 1505.0000  -1.78758    
 1506.0000  -1.56773    
 1507.0000  0.798668    
 1508.0000  0.410418    
 1509.0000  0.385118    
 1510.0000 -0.849532    
 1511.0000  0.236068    
 1512.0000 -0.187332    
 1513.0000  0.504468    
 1514.0000   2.01452    
 1515.0000  0.102181E-01
 1516.0000 -0.293932    
 1517.0000 -0.240782    
 1518.0000 -0.419782    
 1519.0000   1.99202    
 1520.0000 -0.813319E-01
 1521.0000  0.469568    
 1522.0000  -2.14658    
 1523.0000  0.644868    
 1524.0000   1.27012    
 1525.0000 -0.330332    
 1526.0000   1.26367    
 1527.0000  0.198668    
 1528.0000  -1.21803    
 1529.0000 -0.904632    
 1530.0000   1.09652    
 1531.0000  0.498818    
 1532.0000  -2.11568    
 1533.0000 -0.996732    
 1534.0000 -0.200932    
 1535.0000  0.248468    
 1536.0000   1.36077    
 1537.0000  0.595718    
 1538.0000 -0.426182    
 1539.0000   1.21587    
 1540.0000   1.31897    
 1541.0000  0.647681E-01
 1542.0000  -2.40808    
 1543.0000  0.173118    
 1544.0000  -1.62018    
 1545.0000 -0.778382    
 1546.0000   1.46167    
 1547.0000 -0.404182    
 1548.0000  0.296681E-01
 1549.0000   1.03197    
 1550.0000 -0.162682    
 1551.0000 -0.887732    
 1552.0000 -0.480482    
 1553.0000   1.38362    
 1554.0000  0.961568    
 1555.0000  0.457418    
 1556.0000  0.645818    
 1557.0000   1.88277    
 1558.0000  -1.07333    
 1559.0000  0.154018    
 1560.0000  0.265918    
 1561.0000 -0.532832    
 1562.0000 -0.483232    
 1563.0000 -0.395882    
 1564.0000  0.500368    
 1565.0000  0.427218    
 1566.0000  -1.05393    
 1567.0000 -0.176182    
 1568.0000 -0.274282    
 1569.0000 -0.377132    
 1570.0000 -0.307482    
 1571.0000  -1.99573    
 1572.0000 -0.823882    
 1573.0000  -1.44588    
 1574.0000 -0.458882    
 1575.0000  0.658468    
 1576.0000 -0.568132    
 1577.0000  0.938918    
 1578.0000   1.08507    
 1579.0000  -2.86393    
 1580.0000  -2.99443    
 1581.0000  0.390181E-01
 1582.0000  0.803181E-01
 1583.0000  0.221181E-01
 1584.0000 -0.993582    
 1585.0000  -1.96218    
 1586.0000  0.396468    
 1587.0000  -1.08908    
 1588.0000  0.236681E-01
 1589.0000   1.24777    
 1590.0000  -2.46323    
 1591.0000  -1.47528    
 1592.0000 -0.926732    
 1593.0000  0.771818    
 1594.0000   1.64742    
 1595.0000  0.641768    
 1596.0000   1.65122    
 1597.0000  -1.00223    
 1598.0000  -2.25028    
 1599.0000  0.291068    
 1600.0000 -0.947982    
 1601.0000  0.283418    
 1602.0000   1.27367    
 1603.0000  0.780068    
 1604.0000   1.15242    
 1605.0000   1.36147    
 1606.0000  0.988068    
 1607.0000  0.186518    
 1608.0000 -0.671319E-01
 1609.0000 -0.573318E-01
 1610.0000   1.31077    
 1611.0000  0.724068    
 1612.0000 -0.368782    
 1613.0000 -0.503582    
 1614.0000  0.146368    
 1615.0000   1.02672    
 1616.0000 -0.309382    
 1617.0000   1.39832    
 1618.0000   1.19972    
 1619.0000   1.10917    
 1620.0000   1.24172    
 1621.0000   1.86112    
 1622.0000  0.307681E-01
 1623.0000 -0.132932    
 1624.0000 -0.548782    
 1625.0000 -0.624319E-01
 1626.0000  -1.18343    
 1627.0000  -1.08298    
 1628.0000  -1.50753    
 1629.0000 -0.317132    
 1630.0000 -0.283082    
 1631.0000  -1.81573    
 1632.0000  -2.96158    
 1633.0000  0.343318    
 1634.0000  0.140618    
 1635.0000  0.664618    
 1636.0000  0.664718    
 1637.0000 -0.144882    
 1638.0000 -0.723632    
 1639.0000  0.514068    
 1640.0000   1.65112    
 1641.0000   1.03097    
 1642.0000   1.37802    
 1643.0000 -0.120932    
 1644.0000  0.510468    
 1645.0000  -2.08188    
 1646.0000 -0.780732    
 1647.0000  0.978518    
 1648.0000  -1.30548    
 1649.0000   1.48817    
 1650.0000 -0.823982    
 1651.0000   1.60197    
 1652.0000 -0.506682    
 1653.0000 -0.674432    
 1654.0000  -3.60718    
 1655.0000 -0.702832    
 1656.0000   1.14787    
 1657.0000  0.196668    
 1658.0000 -0.158332    
 1659.0000  0.243181E-01
 1660.0000  0.843468    
 1661.0000   2.27297    
 1662.0000  0.916668    
 1663.0000 -0.204819E-01
 1664.0000 -0.497332    
 1665.0000 -0.865832    
 1666.0000  -1.65778    
 1667.0000  -2.23513    
 1668.0000  -1.53723    
 1669.0000 -0.901082    
 1670.0000  -2.95458    
 1671.0000 -0.604319E-01
 1672.0000  0.622768    
 1673.0000  0.862768    
 1674.0000   1.89452    
 1675.0000  0.210268    
 1676.0000  -1.20843    
 1677.0000   1.41177    
 1678.0000   1.99997    
 1679.0000 -0.266882    
 1680.0000   2.53672    
 1681.0000 -0.757482    
 1682.0000 -0.280482    
 1683.0000   1.92912    
 1684.0000 -0.294932    
 1685.0000  -2.66913    
 1686.0000  -1.80983    
 1687.0000  0.521518    
 1688.0000  0.222068    
 1689.0000  0.222168    
 1690.0000  0.940181E-01
 1691.0000 -0.776582    
 1692.0000   1.67777    
 1693.0000  0.312968    
 1694.0000   1.43537    
 1695.0000   1.32442    
 1696.0000 -0.204632    
 1697.0000 -0.550932    
 1698.0000  -1.88763    
 1699.0000 -0.481382    
 1700.0000 -0.359932    
 1701.0000   1.13187    
 1702.0000   1.79717    
 1703.0000  -1.67168    
 1704.0000  -1.06768    
 1705.0000  0.118918    
 1706.0000  0.676968    
 1707.0000 -0.334482    
 1708.0000  -2.51578    
 1709.0000 -0.906232    
 1710.0000  0.298068    
 1711.0000   1.03627    
 1712.0000  0.781718    
 1713.0000  0.572968    
 1714.0000 -0.671932    
 1715.0000  -1.00708    
 1716.0000 -0.167132    
 1717.0000  0.350718    
 1718.0000  0.145268    
 1719.0000  0.800818    
 1720.0000   1.85637    
 1721.0000 -0.557432    
 1722.0000  -1.39508    
 1723.0000  0.373768    
 1724.0000 -0.272132    
 1725.0000   1.02717    
 1726.0000   1.40887    
 1727.0000  0.743068    
 1728.0000  -2.01238    
 1729.0000  -1.65978    
 1730.0000 -0.120282    
 1731.0000 -0.175332    
 1732.0000  0.737518    
 1733.0000  -1.17518    
 1734.0000  0.625218    
 1735.0000  -2.55728    
 1736.0000  -2.32518    
 1737.0000  -2.17338    
 1738.0000  0.533818    
 1739.0000  0.496568    
 1740.0000   1.14147    
 1741.0000  0.216518    
 1742.0000 -0.616382    
 1743.0000  0.208668    
 1744.0000 -0.133132    
 1745.0000   2.00757    
 1746.0000   1.81707    
 1747.0000   2.83637    
 1748.0000  -3.03738    
 1749.0000  0.623418    
 1750.0000  0.394868    
 1751.0000  0.209518    
 1752.0000  -2.17748    
 1753.0000 -0.634332    
 1754.0000  0.556809E-02
 1755.0000  -1.59488    
 1756.0000  -1.21088    
 1757.0000  -1.79998    
 1758.0000  0.358268    
 1759.0000  0.252868    
 1760.0000  0.678368    
 1761.0000   1.30297    
 1762.0000 -0.123820E-01
 1763.0000  -1.03833    
 1764.0000  0.886918    
 1765.0000  -1.51788    
 1766.0000   1.68812    
 1767.0000 -0.869032    
 1768.0000   1.27657    
 1769.0000  0.825818    
 1770.0000 -0.886532    
 1771.0000   1.60827    
 1772.0000  -2.01918    
 1773.0000  -2.94908    
 1774.0000  -1.29118    
 1775.0000  0.284918    
 1776.0000  0.574668    
 1777.0000  -1.17488    
 1778.0000  -1.18503    
 1779.0000  0.239068    
 1780.0000  -1.15233    
 1781.0000  0.837768    
 1782.0000  -1.32283    
 1783.0000  0.963218    
 1784.0000   1.36822    
 1785.0000 -0.298632    
 1786.0000 -0.812882    
 1787.0000   1.52802    
 1788.0000 -0.292882    
 1789.0000  -1.39933    
 1790.0000 -0.791818E-01
 1791.0000  0.113168    
 1792.0000   1.32837    
 1793.0000   2.13807    
 1794.0000  0.603681E-01
 1795.0000 -0.405682    
 1796.0000   1.15127    
 1797.0000   1.56917    
 1798.0000 -0.700332    
 1799.0000 -0.125282    
 1800.0000 -0.944032    
 1801.0000  -1.57188    
 1802.0000  0.808368    
 1803.0000 -0.595082    
 1804.0000  0.667218    
 1805.0000 -0.683282    
 1806.0000  -1.89548    
 1807.0000  0.363818    
 1808.0000 -0.655582    
 1809.0000  -1.15568    
 1810.0000 -0.228732    
 1811.0000   1.43407    
 1812.0000 -0.999582    
 1813.0000  -1.39538    
 1814.0000  0.859168    
 1815.0000  0.761018    
 1816.0000  0.436118    
 1817.0000  0.667068    
 1818.0000  -2.17933    
 1819.0000  -1.36428    
 1820.0000  -2.20263    
 1821.0000 -0.264882    
 1822.0000  -2.59538    
 1823.0000  -1.46328    
 1824.0000  -1.25368    
 1825.0000   1.18112    
 1826.0000  0.973168    
 1827.0000   1.28547    
 1828.0000   3.27127    
 1829.0000  -1.66023    
 1830.0000   1.74997    
 1831.0000  0.539168    
 1832.0000   1.36367    
 1833.0000   1.69862    
 1834.0000  -1.12228    
 1835.0000 -0.392818E-01
 1836.0000  0.853668    
 1837.0000   1.24122    
 1838.0000  0.820168    
 1839.0000  0.312118    
 1840.0000   1.80437    
 1841.0000  -1.80908    
 1842.0000  -1.03953    
 1843.0000 -0.411882    
 1844.0000  0.961018    
 1845.0000  -1.24938    
 1846.0000 -0.419432    
 1847.0000  -1.41053    
 1848.0000 -0.409132    
 1849.0000   1.81037    
 1850.0000  0.955068    
 1851.0000  -1.88138    
 1852.0000  0.438868    
 1853.0000  0.861218    
 1854.0000  0.896918    
 1855.0000  -1.31068    
 1856.0000  -2.46283    
 1857.0000  -1.59398    
 1858.0000  0.180418    
 1859.0000  -1.00458    
 1860.0000 -0.622782    
 1861.0000  -2.14128    
 1862.0000  0.969768    
 1863.0000  -1.41223    
 1864.0000  -3.16698    
 1865.0000 -0.434232    
 1866.0000   2.07902    
 1867.0000   1.65052    
 1868.0000   1.38002    
 1869.0000   2.00607    
 1870.0000  -1.19943    
 1871.0000  -2.44203    
 1872.0000 -0.716032    
 1873.0000  -1.09583    
 1874.0000  -1.92263    
 1875.0000 -0.489782    
 1876.0000   1.04252    
 1877.0000 -0.448932    
 1878.0000   2.06342    
 1879.0000  -2.83923    
 1880.0000  -2.26023    
 1881.0000 -0.993482    
 1882.0000  0.997068    
 1883.0000  0.631618    
 1884.0000   2.45272    
 1885.0000  0.833268    
 1886.0000  0.196068    
 1887.0000  -1.65683    
 1888.0000 -0.115732    
 1889.0000   1.37342    
 1890.0000  0.704868    
 1891.0000   1.54292    
 1892.0000   1.39447    
 1893.0000 -0.809432    
 1894.0000  -1.75463    
 1895.0000  -1.22908    
 1896.0000  -1.54068    
 1897.0000   1.02162    
 1898.0000  0.562180E-01
 1899.0000  -1.98303    
 1900.0000  -1.41263    
 1901.0000 -0.627082    
 1902.0000  -1.80008    
 1903.0000   2.07112    
 1904.0000  0.937180E-01
 1905.0000   1.50937    
 1906.0000   1.82122    
 1907.0000   3.41282    
 1908.0000   1.79552    
 1909.0000   1.57637    
 1910.0000 -0.453819E-01
 1911.0000  -1.74213    
 1912.0000   1.46852    
 1913.0000 -0.517032    
 1914.0000  0.585118    
 1915.0000   3.34032    
 1916.0000   2.54512    
 1917.0000   1.18352    
 1918.0000  -1.87623    
 1919.0000  0.912118    
 1920.0000   1.69282    
 1921.0000   1.44372    
 1922.0000  0.802118    
 1923.0000  0.177718    
 1924.0000   1.00027    
 1925.0000  -2.03583    
 1926.0000 -0.555782    
 1927.0000  0.967968    
 1928.0000   1.62577    
 1929.0000  0.438368    
 1930.0000 -0.717232    
 1931.0000  -1.59678    
 1932.0000  0.756268    
 1933.0000 -0.845832    
 1934.0000  -3.10828    
 1935.0000   1.60777    
 1936.0000  -1.61238    
 1937.0000   1.13832    
 1938.0000   1.97512    
 1939.0000 -0.880282    
 1940.0000 -0.679632    
 1941.0000   1.55557    
 1942.0000   1.89752    
 1943.0000  0.402668    
 1944.0000 -0.680820E-01
 1945.0000   1.51812    
 1946.0000 -0.102332    
 1947.0000  0.654118    
 1948.0000  0.213518    
 1949.0000   1.62257    
 1950.0000  0.851182E-01
 1951.0000  0.390218    
 1952.0000  0.527518    
 1953.0000  -1.24538    
 1954.0000  -2.34778    
 1955.0000 -0.634582    
 1956.0000  -1.72203    
 1957.0000  0.784318    
 1958.0000   2.00507    
 1959.0000  -2.04838    
 1960.0000  0.115668    
 1961.0000 -0.370832    
 1962.0000  0.682668    
 1963.0000  -1.48693    
 1964.0000  -1.87333    
 1965.0000   1.09592    
 1966.0000  -1.15718    
 1967.0000 -0.268882    
 1968.0000 -0.189332    
 1969.0000   1.68187    
 1970.0000  0.276368    
 1971.0000 -0.413432    
 1972.0000 -0.865082    
 1973.0000   2.54722    
 1974.0000  0.786618    
 1975.0000   2.37257    
 1976.0000 -0.715819E-01
 1977.0000  -2.61193    
 1978.0000   1.23822    
 1979.0000   3.17042    
 1980.0000  0.985868    
 1981.0000 -0.758332    
 1982.0000   1.68867    
 1983.0000   3.12387    
 1984.0000   1.51337    
 1985.0000  0.700018    
 1986.0000 -0.245482    
 1987.0000  0.583568    
 1988.0000  -1.35793    
 1989.0000  0.275368    
 1990.0000  0.558181E-01
 1991.0000 -0.550332    
 1992.0000   1.01932    
 1993.0000   2.30507    
 1994.0000  0.183268    
 1995.0000   1.71457    
 1996.0000   1.04087    
 1997.0000  0.475681E-01
 1998.0000   1.71812    
 1999.0000  0.437268    
 2000.0000 -0.421432    
 2001.0000 -0.262232    
 2002.0000  -2.49083    
 2003.0000  0.639182E-01
 2004.0000  0.568968    
 2005.0000   1.41817    
 2006.0000 -0.616132    

