 1750 -0.1800000    
 1751  0.2470000    
 1752  -1.094000    
 1753 -0.7999995E-01
 1754   1.346000    
 1755  -3.594000    
 1756  0.6300000    
 1757 -0.8500000    
 1758 -0.7780000    
 1759  -2.037000    
 1760   1.249000    
 1761  0.6250000    
 1762  -2.354000    
 1763  -1.172000    
 1764  -2.156000    
 1765  -2.865000    
 1766  0.4299999    
 1767  -2.761000    
 1768   2.393000    
 1769 -0.6860000    
 1770 -0.2530000    
 1771  0.2000034E-02
 1772  -1.366000    
 1773  -1.352000    
 1774  -2.319000    
 1775 -0.3570000    
 1776   1.615000    
 1777 -0.6499997E-01
 1778  -2.763000    
 1779  -1.379000    
 1780  0.2150000    
 1781  0.6380000    
 1782  -1.399000    
 1783  -1.066000    
 1784  -2.308000    
 1785  0.1040000    
 1786   1.101000    
 1787  0.1900001    
 1788   1.053000    
 1789 -0.7900000    
 1790  -1.222000    
 1791  -3.570000    
 1792  -1.276000    
 1793   1.951000    
 1794   1.604000    
 1795  0.5920000    
 1796   1.871000    
 1797  -1.227000    
 1798 -0.7270000    
 1799  -3.289000    
 1800  0.7770000    
 1801 -0.7140000    
 1802  0.2760000    
 1803  -1.826000    
 1804  0.6900001    
 1805 -0.5630000    
 1806  -3.810000    
 1807 -0.8899999E-01
 1808  0.5180000    
 1809  0.5310000    
 1810 -0.8149999    
 1811  -1.291000    
 1812  -1.047000    
 1813  -1.954000    
 1814   1.137000    
 1815 -0.1199996E-01
 1816  -2.391000    
 1817  0.6180000    
 1818  -2.230000    
 1819  -5.095000    
 1820  -2.185000    
 1821  -1.998000    
 1822  -2.792000    
 1823  -2.244000    
 1824  0.5960000    
 1825 -0.2710000    
 1826  -2.193000    
 1827   1.046000    
 1828   1.370000    
 1829 -0.2770000    
 1830   1.877000    
 1831   1.305000    
 1832   1.257000    
 1833   1.913000    
 1834  0.7800001E-01
 1835 -0.3740000    
 1836 -0.4299998E-01
 1837  -2.253000    
 1838  -3.382000    
 1839  -3.984000    
 1840   1.429000    
 1841  -1.791000    
 1842  0.4560001    
 1843  -1.448000    
 1844  -2.757000    
 1845  -3.360000    
 1846  0.8770000    
 1847   1.370000    
 1848 -0.9520000    
 1849  -1.624000    
 1850 -0.4900000    
 1851 -0.7480000    
 1852 -0.5499998E-01
 1853 -0.9400001    
 1854 -0.3700000    
 1855 -0.2570000    
 1856  -2.979000    
 1857 -0.8280000    
 1858  -1.546000    
 1859 -0.6240000    
 1860  0.6300002E-01
 1861  -1.650000    
 1862   1.718000    
 1863  0.4060000    
 1864  -3.062000    
 1865 -0.6600001E-01
 1866  0.8099999    
 1867  0.1070000    
 1868  0.8100003E-01
 1869 -0.1520000    
 1870 -0.4250000    
 1871  -2.132000    
 1872  -2.633000    
 1873  -1.232000    
 1874  -1.699000    
 1875  0.9530001    
 1876  0.1610000    
 1877  -1.041000    
 1878   1.349000    
 1879  -3.375000    
 1880  -2.960000    
 1881  -1.815000    
 1882  0.4970001    
 1883  0.8040000    
 1884   2.155000    
 1885  -1.719000    
 1886   1.882000    
 1887  -2.313000    
 1888  0.7000029E-02
 1889   3.426000    
 1890  -1.144000    
 1891  0.3299999E-01
 1892  0.7190000    
 1893  -2.061000    
 1894  -2.728000    
 1895  -2.317000    
 1896  0.3600001E-01
 1897 -0.2860000    
 1898  -2.318000    
 1899  -1.418000    
 1900  -1.951000    
 1901  0.3500000    
 1902 -0.1440000    
 1903   2.522000    
 1904  0.5500001E-01
 1905 -0.8500000    
 1906  0.8600000    
 1907  0.8169999    
 1908  0.9670000    
 1909  0.2880000    
 1910  -1.297000    
 1911  -5.250000    
 1912   1.219000    
 1913  -1.118000    
 1914  -3.867000    
 1915   1.428000    
 1916   2.247000    
 1917   1.479000    
 1918  -2.539000    
 1919 -0.3790000    
 1920  0.2640000    
 1921 -0.6410000    
 1922   1.977000    
 1923  -1.729000    
 1924   2.856000    
 1925  -3.188000    
 1926  -3.155000    
 1927  0.9349999    
 1928   1.894000    
 1929  0.5890000    
 1930  -2.532000    
 1931  -1.661000    
 1932  -1.823000    
 1933  -1.641000    
 1934 -0.7870000    
 1935   1.238000    
 1936  -1.917000    
 1937   1.294000    
 1938   2.194000    
 1939 -0.2410000    
 1940 -0.5030000    
 1941  -1.003000    
 1942 -0.3070000    
 1943 -0.2900000    
 1944  -2.315000    
 1945  0.2190000    
 1946   1.540000    
 1947  0.6800002E-01
 1948  0.2460001    
 1949  0.7960001    
 1950  0.8360000    
 1951   1.188000    
 1952 -0.6390000    
 1953 -0.4400000    
 1954  -1.903000    
 1955 -0.7520000    
 1956  0.2060000    
 1957  0.3329999    
 1958   1.943000    
 1959  -2.198000    
 1960 -0.4440000    
 1961  0.9820000    
 1962  0.1600000    
 1963  -1.580000    
 1964  -1.338000    
 1965 -0.5369999    
 1966  -2.335000    
 1967 -0.6950000    
 1968 -0.5050000    
 1969 -0.6090000    
 1970 -0.8460000    
 1971 -0.4999995E-02
 1972   1.429000    
 1973   1.737000    
 1974   1.555000    
 1975   1.903000    
 1976  0.9500003E-01
 1977  -2.963000    
 1978  0.9510000    
 1979   2.888000    
 1980  0.3390000    
 1981  -1.510000    
 1982  0.9069999    
 1983  0.3000021E-02
 1984   2.775000    
 1985  -1.706000    
 1986  -3.690000    
 1987  -1.933000    
 1988  -3.336000    
 1989   3.762000    
 1990  0.2030000    
 1991  -1.277000    
 1992  0.6389999    
 1993  -1.340000    
 1994   1.411000    
 1995 -0.3200001E-01
 1996   2.745000    
 1997 -0.7390000    
 1998 -0.6060000    
 1999  -4.529000    
 2000  0.4470000    
 2001 -0.8119999    
 2002  -5.086000    
 2003   4.548000    
 2004   2.859000    
 2005  0.6849999    
 2006 -0.8500000    
