  Year  Reconstruction(cm) VA Div.1&4 Jun avg(cm) May Gauge(cm) May Rainy Days

  1784        0.0137                                                4.2353
  1785        1.0017                                                2.2353
  1786        -0.841                                                5.2353
  1787        3.2678                                                1.2353
  1788        1.4487                                                6.2353
  1789       -0.0882                                                2.2353
  1790       -0.8567                                                -2.7647
  1791        0.0843                                                -1.7647
  1792       -2.9346                                                -4.7647
  1793        0.4215                                                0.2353
  1794        0.0372                                 1.7458         -0.7647
  1795       -0.5979                                 -3.7311        -0.7647
  1796        2.2406                                 6.9845         -0.7647
  1797       -0.5979
  1798       -0.9351                                 -6.4298        -3.7647
  1799       -0.5038                                 -1.426         -3.7647
  1800        1.0409                                 4.5239         -0.7647
  1801       -0.1274                                 -1.6673        -1.7647
  1802        2.0289
  1803       -1.1076
  1804       -0.1902
  1805        0.8214
  1806       -3.0444
  1807       -2.5896
  1808        0.8135
  1809        3.0248
  1810        0.0765
  1811        0.7743
  1812       -1.8055
  1813       -0.3156
  1814        1.7623
  1815       -2.0877
  1816       -1.7114
  1817        2.5465
  1818       -0.0255
  1819       -1.4761
  1820        2.0603
  1821       -0.5744
  1822       -0.3391
  1823       -0.6998
  1824        3.5658
  1825        1.0723
  1826       -2.0485
  1827       -0.3548
  1828       -0.6685
  1829       -2.3465
  1830        1.0174
  1831       -2.0956
  1832        1.7466
  1833       -1.8917
  1834        0.8057
  1835        1.6996
  1836       -1.0527
  1837        0.9155
  1838       -0.7782
  1839       -0.2999
  1840         0.1
  1841        -2.221
  1842        0.8684
  1843       -0.6606
  1844       -0.0412
  1845       -2.4014
  1846        0.6175
  1847        1.8094
  1848       -1.1154
  1849       -1.0841
  1850        1.6761
  1851       -0.7782
  1852       -0.3862
  1853        1.2683
  1854       -2.5504
  1855        0.8292
  1856        -2.323
  1857       -0.3548
  1858        -2.174
  1859       -0.6528
  1860       -2.4171
  1861       -1.0056
  1862        1.2918
  1863       -1.2644
  1864       -1.8603
  1865        0.4607
  1866        1.1507
  1867        1.4879
  1868        0.7743
  1869        1.9348
  1870        0.8841
  1871        1.3075
  1872        0.0608
  1873       -0.3548
  1874       -2.2446
  1875       -0.7547
  1876        -0.841
  1877       -0.5508
  1878        1.6996
  1879       -0.4097
  1880       -2.8327
  1881       -0.4332
  1882       -0.2058
  1883        -0.888
  1884        2.1701
  1885       -2.0799
  1886        1.4722
  1887       -1.0997
  1888        0.4999
  1889        3.7932
  1890       -0.0961
  1891        1.7466
  1892        1.0645
  1893       -0.3391
  1894       -2.6053
  1895        1.1037
  1896        -0.99
  1897       -0.1196
  1898       -1.3899
  1899       -0.2921
  1900       -1.7819
  1901        0.4528
  1902        0.8527
  1903       -0.0647
  1904         0.1
  1905       -0.2607
  1906       -1.4212
  1907        0.1078
  1908        1.6604
  1909       -0.1588
  1910        2.2093
  1911       -3.6638
  1912        0.1313
  1913        1.088
  1914       -0.5116
  1915        2.9307
  1916        0.8135
  1917        1.7702
  1918       -3.3502
  1919       -0.3078
  1920        0.8057
  1921       -1.4918
  1922       -1.6408
  1923       -0.9821
  1924        1.237
  1925       -2.1662
  1926        0.9704
  1927        0.4372
  1928        0.9312
  1929        2.1465
  1930        0.1235
  1931        1.1821              -1.2199
  1932       -1.8368              -0.7754
  1933       -1.4918              -4.4584
  1934       -0.4646              -1.6771
  1935        1.1899              -1.4231
  1936       -2.2759              -0.4452
  1937        3.0169              4.2792
  1938        2.0132              3.2251
  1939       -0.4097              2.6536
  1940       -1.5781              -2.0581
  1941        2.7895              0.6724
  1942       -0.1431              0.4819
  1943        -1.186              -0.5849
  1944       -2.9738              -4.433
  1945         3.95               2.6155
  1946        1.2056              -0.2039
  1947       -1.1546              2.0059
  1948       -1.2879              0.3168
  1949       -0.4097              0.4819
  1950       -1.2095              -2.4772
  1951        3.903                6.362
  1952        1.2918              -2.2613
  1953        0.1627              -1.2199
  1954        -2.472              -5.3855
  1955        0.5234               1.282
  1956       -0.3391              -2.3502
  1957        0.0686              -0.1912
  1958        2.7582              2.7425
  1959        -2.025              -0.8897
  1960        -0.049              -1.6898
  1961        1.0488              3.6061
  1962       -1.2722              2.7044
  1963        0.7978              7.8098
  1964       -2.0956              -3.6456
  1965        1.0331              -1.385
  1966       -2.2602              -2.4645
